ISIN,conId,Symbol,Currency,date,open,high,low,close,volume,barCount,average
US7561091049,10672,O,USD,2019-01-02,63.04,63.04,61.59,62.0,21478,12402,61.97
US7561091049,10672,O,USD,2019-01-03,62.0,63.31,61.99,62.48,23277,14673,62.647
US7561091049,10672,O,USD,2019-01-04,62.73,63.02,62.02,62.46,19884,12357,62.46
US7561091049,10672,O,USD,2019-01-07,62.41,63.0,62.16,62.8,24115,12936,62.496
US7561091049,10672,O,USD,2019-01-08,62.89,63.4,62.2,63.19,23681,11595,62.88
US7561091049,10672,O,USD,2019-01-09,63.04,63.32,62.08,62.94,20029,11574,62.647
US7561091049,10672,O,USD,2019-01-10,62.7,63.96,62.53,63.7,17701,10104,63.581
US7561091049,10672,O,USD,2019-01-11,63.92,64.31,63.57,64.29,11432,7221,64.089
US7561091049,10672,O,USD,2019-01-14,64.14,64.27,63.43,63.59,13180,6537,63.802
US7561091049,10672,O,USD,2019-01-15,64.01,64.84,63.77,64.77,10470,6129,64.531
US7561091049,10672,O,USD,2019-01-16,64.67,64.98,64.2,64.65,15182,9029,64.608
US7561091049,10672,O,USD,2019-01-17,64.77,65.1,64.41,64.81,10905,6164,64.708
US7561091049,10672,O,USD,2019-01-18,65.0,65.19,64.45,64.83,14578,7995,64.648
US7561091049,10672,O,USD,2019-01-22,64.65,65.38,64.26,64.77,16587,11082,64.701
US7561091049,10672,O,USD,2019-01-23,64.77,64.91,64.01,64.42,14915,8288,64.369
US7561091049,10672,O,USD,2019-01-24,64.41,64.48,63.8,64.26,14568,8000,64.154
US7561091049,10672,O,USD,2019-01-25,64.36,65.23,64.2,65.22,16338,9110,64.951
US7561091049,10672,O,USD,2019-01-28,65.15,66.35,65.0,66.35,16281,10721,65.708
US7561091049,10672,O,USD,2019-01-29,66.14,66.72,66.01,66.68,17451,8604,66.502
US7561091049,10672,O,USD,2019-01-30,66.69,67.68,66.5,67.57,16859,10012,67.367
US7561091049,10672,O,USD,2019-01-31,67.25,68.91,66.71,68.69,58011,18289,68.532
US7561091049,10672,O,USD,2019-02-01,68.81,69.02,66.98,67.83,18013,10816,67.696
US7561091049,10672,O,USD,2019-02-04,68.0,69.0,67.41,68.89,24809,16700,68.501
US7561091049,10672,O,USD,2019-02-05,69.0,69.36,68.25,69.32,18654,12026,68.908
US7561091049,10672,O,USD,2019-02-06,69.39,69.5,68.72,69.18,13696,7888,69.04
US7561091049,10672,O,USD,2019-02-07,69.07,70.33,68.8,70.33,19419,11481,69.826
US7561091049,10672,O,USD,2019-02-08,70.0,70.31,69.69,70.08,13854,7203,69.988
US7561091049,10672,O,USD,2019-02-11,69.75,70.49,69.75,70.39,11092,5298,70.305
US7561091049,10672,O,USD,2019-02-12,70.39,70.5,68.93,69.35,16063,9233,69.394
US7561091049,10672,O,USD,2019-02-13,69.5,69.7,68.75,69.58,12513,7339,69.43
US7561091049,10672,O,USD,2019-02-14,69.75,69.97,69.34,69.8,9237,5843,69.713
US7561091049,10672,O,USD,2019-02-15,70.0,70.16,69.67,70.09,13143,7042,70.02
US7561091049,10672,O,USD,2019-02-19,69.6,70.28,69.5,69.92,15253,9494,70.002
US7561091049,10672,O,USD,2019-02-20,70.0,70.0,68.15,69.35,12072,7048,68.838
US7561091049,10672,O,USD,2019-02-21,69.5,69.57,67.3,69.47,28822,13444,69.019
US7561091049,10672,O,USD,2019-02-22,68.55,70.05,68.55,69.74,17846,11222,69.711
US7561091049,10672,O,USD,2019-02-25,69.85,69.86,69.14,69.4,12260,7596,69.362
US7561091049,10672,O,USD,2019-02-26,69.36,69.68,68.85,69.33,15412,8501,69.186
US7561091049,10672,O,USD,2019-02-27,69.2,69.22,68.2,69.05,13809,7993,68.731
US7561091049,10672,O,USD,2019-02-28,68.4,69.62,68.3,69.16,17511,7683,69.177
US7561091049,10672,O,USD,2019-03-01,69.11,69.2,68.18,69.13,14487,9046,68.78
US7561091049,10672,O,USD,2019-03-04,69.2,69.55,68.67,69.54,15441,6720,69.293
US7561091049,10672,O,USD,2019-03-05,69.36,70.07,69.26,69.5,12598,7187,69.786
US7561091049,10672,O,USD,2019-03-06,69.86,70.16,69.5,69.51,11447,7034,69.742
US7561091049,10672,O,USD,2019-03-07,69.5,70.18,69.33,69.46,18355,10662,69.734
US7561091049,10672,O,USD,2019-03-08,69.46,70.0,69.28,69.75,9271,5721,69.608
US7561091049,10672,O,USD,2019-03-11,69.92,70.77,69.86,70.73,13698,8211,70.378
US7561091049,10672,O,USD,2019-03-12,70.88,71.44,70.76,71.36,12978,7811,71.227
US7561091049,10672,O,USD,2019-03-13,71.45,71.91,70.88,70.89,18010,9661,71.394
US7561091049,10672,O,USD,2019-03-14,71.32,71.91,71.24,71.91,14379,7090,71.698
US7561091049,10672,O,USD,2019-03-15,71.8,72.11,71.1,71.24,31141,6151,71.392
US7561091049,10672,O,USD,2019-03-18,71.4,71.59,70.51,71.01,17788,9934,70.855
US7561091049,10672,O,USD,2019-03-19,70.7,70.91,69.81,70.15,17306,8283,70.2
US7561091049,10672,O,USD,2019-03-20,70.07,71.2,69.96,70.74,12681,7006,70.671
US7561091049,10672,O,USD,2019-03-21,70.82,72.51,70.82,72.5,14955,8460,72.2
US7561091049,10672,O,USD,2019-03-22,72.5,73.46,72.47,72.6,14155,7748,72.959
US7561091049,10672,O,USD,2019-03-25,73.0,73.57,72.19,73.25,10655,6979,73.104
US7561091049,10672,O,USD,2019-03-26,74.4,74.4,73.34,74.0,15673,9766,73.795
US7561091049,10672,O,USD,2019-03-27,74.05,74.14,73.1,73.45,14439,9372,73.513
US7561091049,10672,O,USD,2019-03-28,73.9,73.9,73.26,73.45,20469,10815,73.583
US7561091049,10672,O,USD,2019-03-29,73.64,73.85,72.8,73.56,21045,11888,73.404
US7561091049,10672,O,USD,2019-04-01,73.66,73.66,72.03,72.73,16294,8158,72.532
US7561091049,10672,O,USD,2019-04-02,72.5,72.8,71.71,71.83,16072,9797,72.221
US7561091049,10672,O,USD,2019-04-03,72.58,72.62,71.75,71.95,14936,8253,72.032
US7561091049,10672,O,USD,2019-04-04,71.95,72.07,71.35,71.79,9232,5863,71.63
US7561091049,10672,O,USD,2019-04-05,72.0,72.3,71.5,72.28,9079,4829,72.065
US7561091049,10672,O,USD,2019-04-08,72.2,72.43,71.72,72.0,8763,4189,72.031
US7561091049,10672,O,USD,2019-04-09,72.0,72.08,71.08,71.19,11218,7479,71.442
US7561091049,10672,O,USD,2019-04-10,71.53,72.5,71.32,72.5,11901,5177,71.689
US7561091049,10672,O,USD,2019-04-11,71.76,72.29,71.24,71.31,16157,8474,71.547
US7561091049,10672,O,USD,2019-04-12,71.34,71.69,70.72,71.35,15939,9191,71.106
US7561091049,10672,O,USD,2019-04-15,71.39,71.45,70.93,71.38,13679,7464,71.211
US7561091049,10672,O,USD,2019-04-16,71.45,71.45,68.0,69.0,15680,8781,69.695
US7561091049,10672,O,USD,2019-04-17,69.27,69.3,67.77,67.77,18395,9761,68.158
US7561091049,10672,O,USD,2019-04-18,67.46,68.72,67.46,68.5,14509,7932,68.398
US7561091049,10672,O,USD,2019-04-22,68.67,68.67,67.21,67.89,12008,6438,67.764
US7561091049,10672,O,USD,2019-04-23,68.0,69.44,67.71,69.43,13271,7854,68.765
US7561091049,10672,O,USD,2019-04-24,69.11,70.29,69.11,69.92,11607,6791,69.895
US7561091049,10672,O,USD,2019-04-25,69.95,70.37,69.34,70.08,6917,3662,70.068
US7561091049,10672,O,USD,2019-04-26,70.39,70.82,70.09,70.58,6163,3720,70.535
US7561091049,10672,O,USD,2019-04-29,70.79,70.79,69.5,69.5,8335,4863,69.85
US7561091049,10672,O,USD,2019-04-30,69.5,70.3,69.0,70.01,15886,6662,69.854
US7561091049,10672,O,USD,2019-05-01,69.95,71.25,69.83,70.46,10755,6123,70.141
US7561091049,10672,O,USD,2019-05-02,70.33,71.85,69.98,70.23,18420,10791,70.647
US7561091049,10672,O,USD,2019-05-03,71.23,71.23,70.15,70.3,9098,5512,70.382
US7561091049,10672,O,USD,2019-05-06,70.12,70.7,68.55,68.96,9730,5857,70.092
US7561091049,10672,O,USD,2019-05-07,68.9,68.9,66.58,66.7,133910,54681,67.572
US7561091049,10672,O,USD,2019-05-08,66.62,67.8,66.45,66.82,28668,15542,67.23
US7561091049,10672,O,USD,2019-05-09,66.8,67.54,66.21,67.36,28582,15185,67.073
US7561091049,10672,O,USD,2019-05-10,67.35,68.27,67.19,68.26,21124,11094,67.798
US7561091049,10672,O,USD,2019-05-13,68.3,68.73,67.33,68.5,31580,15083,68.385
US7561091049,10672,O,USD,2019-05-14,68.75,69.08,68.42,69.01,17674,8926,68.877
US7561091049,10672,O,USD,2019-05-15,69.02,69.49,68.7,69.27,22540,9166,69.309
US7561091049,10672,O,USD,2019-05-16,69.25,69.74,69.07,69.31,16450,8109,69.497
US7561091049,10672,O,USD,2019-05-17,69.09,69.31,68.68,69.27,11879,5417,69.148
US7561091049,10672,O,USD,2019-05-20,69.27,69.55,68.1,68.31,14861,7618,68.801
US7561091049,10672,O,USD,2019-05-21,68.5,69.23,68.32,69.05,13040,6264,68.955
US7561091049,10672,O,USD,2019-05-22,69.3,69.83,68.82,69.43,13912,7771,69.455
US7561091049,10672,O,USD,2019-05-23,69.62,70.6,69.43,70.58,20357,10811,70.133
US7561091049,10672,O,USD,2019-05-24,70.57,71.0,70.41,70.42,9974,6352,70.702
US7561091049,10672,O,USD,2019-05-28,70.77,71.22,69.73,69.81,18126,5594,70.056
US7561091049,10672,O,USD,2019-05-29,69.5,69.78,68.6,68.8,12601,7177,68.927
US7561091049,10672,O,USD,2019-05-30,69.0,69.9,68.74,69.22,8028,4868,69.339
US7561091049,10672,O,USD,2019-05-31,68.3,70.44,68.3,70.08,13179,6649,69.951
US7561091049,10672,O,USD,2019-06-03,70.92,71.44,70.24,71.32,15576,8389,70.896
US7561091049,10672,O,USD,2019-06-04,71.02,71.03,69.74,70.4,21935,10226,70.3
US7561091049,10672,O,USD,2019-06-05,70.88,72.49,70.73,72.48,12986,7559,71.937
US7561091049,10672,O,USD,2019-06-06,72.6,72.82,72.16,72.61,8239,5407,72.551
US7561091049,10672,O,USD,2019-06-07,72.99,73.48,72.54,72.65,8464,4886,72.906
US7561091049,10672,O,USD,2019-06-10,72.66,72.66,71.37,71.77,10625,6888,71.751
US7561091049,10672,O,USD,2019-06-11,71.75,72.41,71.7,72.23,8708,5314,72.047
US7561091049,10672,O,USD,2019-06-12,72.53,73.49,72.35,73.49,10093,6331,72.971
US7561091049,10672,O,USD,2019-06-13,73.49,73.49,72.27,72.7,11692,7249,72.642
US7561091049,10672,O,USD,2019-06-14,72.7,73.68,72.7,73.04,10464,6137,73.298
US7561091049,10672,O,USD,2019-06-17,73.49,73.97,73.0,73.28,10344,6167,73.256
US7561091049,10672,O,USD,2019-06-18,73.25,73.9,72.19,72.6,15465,8666,72.766
US7561091049,10672,O,USD,2019-06-19,72.5,73.48,72.06,73.22,16048,7462,72.931
US7561091049,10672,O,USD,2019-06-20,73.39,73.76,73.09,73.29,15474,8926,73.452
US7561091049,10672,O,USD,2019-06-21,73.26,73.34,72.07,72.4,48453,9070,72.33
US7561091049,10672,O,USD,2019-06-24,72.5,72.85,71.62,71.78,13896,7256,71.902
US7561091049,10672,O,USD,2019-06-25,71.89,72.18,70.26,71.26,14052,7328,71.099
US7561091049,10672,O,USD,2019-06-26,71.5,71.5,68.3,69.46,17090,7709,69.011
US7561091049,10672,O,USD,2019-06-27,68.75,69.65,68.75,69.65,10343,5618,69.21
US7561091049,10672,O,USD,2019-06-28,69.42,69.58,68.64,68.97,24850,8248,69.024
US7561091049,10672,O,USD,2019-07-01,69.34,69.34,67.7,68.02,16697,9074,68.145
US7561091049,10672,O,USD,2019-07-02,68.35,69.36,68.22,69.1,16771,8507,69.03
US7561091049,10672,O,USD,2019-07-03,69.51,70.68,69.2,69.7,6982,4051,70.331
US7561091049,10672,O,USD,2019-07-05,69.1,70.26,68.79,69.96,7268,3747,69.756
US7561091049,10672,O,USD,2019-07-08,70.0,70.7,69.72,70.11,10045,5352,70.125
US7561091049,10672,O,USD,2019-07-09,70.11,71.85,69.01,70.71,12628,5457,70.608
US7561091049,10672,O,USD,2019-07-10,70.72,71.36,70.48,71.24,9635,5398,71.077
US7561091049,10672,O,USD,2019-07-11,71.41,71.44,70.17,70.51,11079,5418,70.57
US7561091049,10672,O,USD,2019-07-12,70.66,70.96,70.2,70.73,13905,7913,70.633
US7561091049,10672,O,USD,2019-07-15,70.82,71.24,70.2,70.2,7941,4536,70.576
US7561091049,10672,O,USD,2019-07-16,70.39,70.39,69.22,69.59,13917,7578,69.802
US7561091049,10672,O,USD,2019-07-17,70.14,70.5,69.47,69.5,8101,5068,69.874
US7561091049,10672,O,USD,2019-07-18,69.95,70.35,69.26,70.1,8215,4423,69.988
US7561091049,10672,O,USD,2019-07-19,70.0,70.23,68.7,68.85,10177,6102,69.334
US7561091049,10672,O,USD,2019-07-22,69.02,69.04,68.17,68.5,10043,4867,68.516
US7561091049,10672,O,USD,2019-07-23,68.5,69.62,68.33,69.6,8503,5080,69.247
US7561091049,10672,O,USD,2019-07-24,69.6,69.82,69.14,69.16,8340,4062,69.309
US7561091049,10672,O,USD,2019-07-25,69.3,69.4,68.3,68.85,12230,6745,68.777
US7561091049,10672,O,USD,2019-07-26,68.24,69.57,68.2,69.54,9611,6080,69.289
US7561091049,10672,O,USD,2019-07-29,69.78,70.44,69.56,69.96,14211,6052,70.079
US7561091049,10672,O,USD,2019-07-30,70.39,70.89,69.46,69.68,11085,6252,70.114
US7561091049,10672,O,USD,2019-07-31,69.93,70.08,68.99,69.23,24001,6611,69.398
US7561091049,10672,O,USD,2019-08-01,69.23,70.5,68.8,70.5,12752,7426,69.567
US7561091049,10672,O,USD,2019-08-02,69.6,70.55,69.29,70.17,13139,8672,69.939
US7561091049,10672,O,USD,2019-08-05,70.13,70.69,68.0,69.06,16423,10055,69.227
US7561091049,10672,O,USD,2019-08-06,68.39,70.27,68.39,69.87,13535,8616,69.702
US7561091049,10672,O,USD,2019-08-07,69.99,71.93,69.73,71.32,19861,9986,71.085
US7561091049,10672,O,USD,2019-08-08,71.92,72.19,70.51,71.99,14646,6492,71.724
US7561091049,10672,O,USD,2019-08-09,71.92,72.75,71.63,72.68,10505,6071,72.302
US7561091049,10672,O,USD,2019-08-12,72.7,73.12,72.22,72.74,10631,5574,72.744
US7561091049,10672,O,USD,2019-08-13,72.81,73.04,71.79,72.28,8571,5263,72.325
US7561091049,10672,O,USD,2019-08-14,72.32,72.46,71.52,71.77,10730,6269,71.989
US7561091049,10672,O,USD,2019-08-15,71.84,72.57,71.62,72.21,8071,4178,72.144
US7561091049,10672,O,USD,2019-08-16,72.4,73.24,72.21,73.24,9796,3845,72.738
US7561091049,10672,O,USD,2019-08-19,72.25,73.49,72.25,73.39,6450,3515,73.22
US7561091049,10672,O,USD,2019-08-20,73.5,73.73,72.48,72.52,7214,3454,72.858
US7561091049,10672,O,USD,2019-08-21,72.85,73.9,72.1,73.9,5579,3165,72.628
US7561091049,10672,O,USD,2019-08-22,72.5,73.27,72.36,73.07,7087,3064,72.938
US7561091049,10672,O,USD,2019-08-23,73.01,73.83,72.27,72.5,10172,4726,72.86
US7561091049,10672,O,USD,2019-08-26,72.81,75.0,72.4,73.49,8602,4842,72.945
US7561091049,10672,O,USD,2019-08-27,73.19,74.17,72.1,73.49,19685,5733,73.381
US7561091049,10672,O,USD,2019-08-28,73.24,73.57,73.03,73.39,8687,4537,73.318
US7561091049,10672,O,USD,2019-08-29,73.63,74.01,73.25,73.93,7659,3478,73.793
US7561091049,10672,O,USD,2019-08-30,72.35,74.04,72.35,73.81,6278,2898,73.831
US7561091049,10672,O,USD,2019-09-03,73.8,75.49,73.66,75.25,13876,6189,75.071
US7561091049,10672,O,USD,2019-09-04,75.5,76.97,75.5,76.97,17253,7645,76.408
US7561091049,10672,O,USD,2019-09-05,76.52,76.52,74.88,75.44,17499,8656,75.153
US7561091049,10672,O,USD,2019-09-06,75.16,76.14,75.08,75.95,13045,7619,75.813
US7561091049,10672,O,USD,2019-09-09,75.94,75.94,75.09,75.2,10919,6002,75.313
US7561091049,10672,O,USD,2019-09-10,74.77,75.04,73.11,73.7,15827,9558,73.737
US7561091049,10672,O,USD,2019-09-11,73.7,74.15,72.95,73.0,18127,10140,73.43
US7561091049,10672,O,USD,2019-09-12,73.71,74.93,73.71,74.49,12821,5737,74.375
US7561091049,10672,O,USD,2019-09-13,74.17,74.75,72.39,72.63,15832,8074,73.132
US7561091049,10672,O,USD,2019-09-16,72.74,74.0,72.74,73.93,10517,6207,73.719
US7561091049,10672,O,USD,2019-09-17,74.4,75.79,74.38,75.77,14543,8208,75.366
US7561091049,10672,O,USD,2019-09-18,75.88,76.17,74.78,75.37,10614,5910,75.385
US7561091049,10672,O,USD,2019-09-19,75.6,76.02,75.45,75.62,10672,4787,75.699
US7561091049,10672,O,USD,2019-09-20,75.03,76.24,75.02,75.89,28329,7694,75.883
US7561091049,10672,O,USD,2019-09-23,75.88,76.52,75.74,76.04,10351,5535,76.186
US7561091049,10672,O,USD,2019-09-24,76.18,76.48,75.37,75.78,18937,9262,75.947
US7561091049,10672,O,USD,2019-09-25,76.12,76.69,75.72,76.4,12063,6721,76.218
US7561091049,10672,O,USD,2019-09-26,76.4,77.47,76.24,77.0,9706,4622,77.083
US7561091049,10672,O,USD,2019-09-27,77.46,77.51,76.5,77.13,8866,4909,76.926
US7561091049,10672,O,USD,2019-09-30,77.13,77.2,76.47,76.68,10791,4801,76.76
US7561091049,10672,O,USD,2019-10-01,76.68,77.04,75.69,76.68,9255,4744,76.676
US7561091049,10672,O,USD,2019-10-02,76.82,77.15,76.2,76.73,21878,3963,76.712
US7561091049,10672,O,USD,2019-10-03,76.68,78.01,76.58,77.81,16592,6998,77.685
US7561091049,10672,O,USD,2019-10-04,77.69,78.46,77.67,78.41,11567,6322,78.191
US7561091049,10672,O,USD,2019-10-07,78.13,78.31,77.68,77.82,9897,4636,77.921
US7561091049,10672,O,USD,2019-10-08,78.27,78.44,77.4,77.92,8880,4533,77.967
US7561091049,10672,O,USD,2019-10-09,78.35,78.71,77.93,78.29,8251,3939,78.389
US7561091049,10672,O,USD,2019-10-10,78.8,79.99,78.07,78.73,13387,6149,78.651
US7561091049,10672,O,USD,2019-10-11,78.74,78.74,77.84,77.89,10535,5371,78.111
US7561091049,10672,O,USD,2019-10-14,78.07,78.12,77.6,77.97,11200,3799,77.951
US7561091049,10672,O,USD,2019-10-15,78.05,78.15,77.27,78.08,8790,4843,77.845
US7561091049,10672,O,USD,2019-10-16,78.0,78.63,77.5,78.6,8170,3827,78.364
US7561091049,10672,O,USD,2019-10-17,78.52,79.05,78.52,78.59,9805,4218,78.693
US7561091049,10672,O,USD,2019-10-18,79.97,79.98,78.45,79.47,9702,4063,79.138
US7561091049,10672,O,USD,2019-10-21,79.49,79.97,79.18,79.95,7156,3646,79.709
US7561091049,10672,O,USD,2019-10-22,80.0,80.47,79.38,79.72,7966,4420,79.835
US7561091049,10672,O,USD,2019-10-23,80.0,80.34,79.57,80.3,8284,4082,80.106
US7561091049,10672,O,USD,2019-10-24,80.6,81.5,79.91,80.85,21126,5799,81.045
US7561091049,10672,O,USD,2019-10-25,80.85,81.14,80.3,80.88,15080,8951,80.82
US7561091049,10672,O,USD,2019-10-28,80.38,80.95,80.19,80.88,18719,9508,80.67
US7561091049,10672,O,USD,2019-10-29,80.88,81.71,80.7,80.85,11798,6931,81.244
US7561091049,10672,O,USD,2019-10-30,81.15,81.97,80.93,81.94,8819,4999,81.64
US7561091049,10672,O,USD,2019-10-31,81.83,82.17,81.23,81.79,26944,7892,81.758
US7561091049,10672,O,USD,2019-11-01,81.4,81.96,80.2,81.46,16737,8514,80.912
US7561091049,10672,O,USD,2019-11-04,81.23,81.23,79.36,80.48,27456,8556,80.098
US7561091049,10672,O,USD,2019-11-05,80.17,80.73,77.2,78.23,27553,12206,78.214
US7561091049,10672,O,USD,2019-11-06,78.23,79.18,78.02,78.02,15206,8350,78.789
US7561091049,10672,O,USD,2019-11-07,78.1,78.64,76.86,77.57,19733,10152,77.632
US7561091049,10672,O,USD,2019-11-08,77.6,77.6,76.21,76.5,15651,7460,76.688
US7561091049,10672,O,USD,2019-11-11,76.45,76.93,76.4,76.5,13780,7270,76.696
US7561091049,10672,O,USD,2019-11-12,76.67,77.07,75.55,75.55,16087,8172,76.196
US7561091049,10672,O,USD,2019-11-13,75.77,77.27,75.5,76.82,18401,9774,76.813
US7561091049,10672,O,USD,2019-11-14,76.89,77.53,76.89,77.24,11067,5108,77.159
US7561091049,10672,O,USD,2019-11-15,77.34,77.55,77.09,77.46,15112,6549,77.369
US7561091049,10672,O,USD,2019-11-18,77.61,79.15,77.4,78.02,13522,6274,78.457
US7561091049,10672,O,USD,2019-11-19,78.35,78.41,77.68,77.79,12758,7489,77.935
US7561091049,10672,O,USD,2019-11-20,77.55,78.37,77.29,77.99,9961,5297,77.897
US7561091049,10672,O,USD,2019-11-21,78.0,78.0,76.1,76.1,13388,7454,76.865
US7561091049,10672,O,USD,2019-11-22,76.75,76.89,75.7,76.22,9087,5533,76.18
US7561091049,10672,O,USD,2019-11-25,76.44,77.03,76.26,76.3,12224,6271,76.462
US7561091049,10672,O,USD,2019-11-26,76.31,77.0,76.31,76.73,22737,8940,76.67
US7561091049,10672,O,USD,2019-11-27,76.75,77.7,76.4,77.7,22391,7318,77.218
US7561091049,10672,O,USD,2019-11-29,77.55,77.88,76.6,76.63,10002,4062,77.002
US7561091049,10672,O,USD,2019-12-02,76.6,76.63,75.27,75.49,14379,5831,75.653
US7561091049,10672,O,USD,2019-12-03,75.71,76.13,75.09,75.4,18066,8861,75.619
US7561091049,10672,O,USD,2019-12-04,75.4,76.17,75.02,75.94,12898,6750,75.916
US7561091049,10672,O,USD,2019-12-05,75.94,75.94,75.21,75.68,10770,5460,75.626
US7561091049,10672,O,USD,2019-12-06,75.67,76.34,75.63,75.94,10535,5428,75.994
US7561091049,10672,O,USD,2019-12-09,76.16,76.16,75.58,75.75,8385,4322,75.77
US7561091049,10672,O,USD,2019-12-10,75.89,76.08,74.93,75.61,9282,4793,75.521
US7561091049,10672,O,USD,2019-12-11,75.61,75.95,74.26,74.58,13345,6413,74.905
US7561091049,10672,O,USD,2019-12-12,75.0,75.11,72.96,73.14,32919,16177,73.377
US7561091049,10672,O,USD,2019-12-13,73.51,73.9,72.13,72.6,38154,19703,72.469
US7561091049,10672,O,USD,2019-12-16,72.65,73.5,71.91,73.5,27253,11274,72.68
US7561091049,10672,O,USD,2019-12-17,73.04,73.51,71.44,71.75,20367,8443,72.013
US7561091049,10672,O,USD,2019-12-18,71.65,72.56,71.63,72.07,14850,6687,72.138
US7561091049,10672,O,USD,2019-12-19,72.09,72.78,72.06,72.35,13778,6442,72.388
US7561091049,10672,O,USD,2019-12-20,72.48,72.97,72.11,72.5,39510,7853,72.535
US7561091049,10672,O,USD,2019-12-23,72.5,72.94,71.84,71.95,9316,3953,72.119
US7561091049,10672,O,USD,2019-12-24,71.94,72.59,71.8,72.36,4920,2575,72.312
US7561091049,10672,O,USD,2019-12-26,72.38,72.85,72.37,72.7,8477,3642,72.685
US7561091049,10672,O,USD,2019-12-27,72.97,73.39,72.57,73.25,7761,4155,73.021
US7561091049,10672,O,USD,2019-12-30,73.2,73.55,72.97,73.25,11874,5596,73.167
US7561091049,10672,O,USD,2019-12-31,72.97,73.65,72.86,73.63,10791,4462,73.446
US7561091049,10672,O,USD,2020-01-02,73.96,74.0,71.93,72.3,16081,6791,72.482
US7561091049,10672,O,USD,2020-01-03,72.13,73.9,72.0,73.79,14456,5725,73.625
US7561091049,10672,O,USD,2020-01-06,73.83,74.46,73.32,74.16,9972,5188,74.115
US7561091049,10672,O,USD,2020-01-07,74.36,75.1,73.34,73.35,12432,6399,74.029
US7561091049,10672,O,USD,2020-01-08,74.28,74.65,73.92,74.52,15349,6360,74.44
US7561091049,10672,O,USD,2020-01-09,74.74,74.75,73.18,73.4,15243,8545,73.571
US7561091049,10672,O,USD,2020-01-10,73.01,73.98,73.01,73.74,20687,9909,73.627
US7561091049,10672,O,USD,2020-01-13,73.9,75.03,73.81,74.96,13183,5505,74.844
US7561091049,10672,O,USD,2020-01-14,74.62,74.99,74.2,74.96,12844,4115,74.803
US7561091049,10672,O,USD,2020-01-15,75.46,76.34,75.26,75.98,15816,7277,76.039
US7561091049,10672,O,USD,2020-01-16,76.0,76.53,75.72,76.15,12297,5343,76.163
US7561091049,10672,O,USD,2020-01-17,76.15,76.75,75.9,76.35,14368,5744,76.412
US7561091049,10672,O,USD,2020-01-21,75.14,77.96,75.13,77.72,15647,6305,77.496
US7561091049,10672,O,USD,2020-01-22,77.72,78.17,76.59,76.89,9691,4686,77.02
US7561091049,10672,O,USD,2020-01-23,77.1,77.59,76.67,77.24,8749,4501,77.213
US7561091049,10672,O,USD,2020-01-24,77.08,77.83,76.95,77.13,8071,3921,77.229
US7561091049,10672,O,USD,2020-01-27,76.49,77.91,76.49,77.4,14429,7029,77.524
US7561091049,10672,O,USD,2020-01-28,77.62,78.65,77.62,78.13,27577,11230,78.264
US7561091049,10672,O,USD,2020-01-29,78.2,78.66,77.93,78.14,21134,7858,78.272
US7561091049,10672,O,USD,2020-01-30,78.5,79.01,77.77,78.98,21815,10291,78.468
US7561091049,10672,O,USD,2020-01-31,78.86,79.15,77.74,78.41,48550,10853,78.367
US7561091049,10672,O,USD,2020-02-03,78.41,78.97,78.04,78.2,17377,7498,78.411
US7561091049,10672,O,USD,2020-02-04,78.2,78.94,78.0,78.0,10176,4527,78.452
US7561091049,10672,O,USD,2020-02-05,78.0,78.75,77.4,78.5,14943,7175,78.341
US7561091049,10672,O,USD,2020-02-06,78.5,79.39,78.5,79.15,8051,3898,79.107
US7561091049,10672,O,USD,2020-02-07,79.44,79.8,79.19,79.51,9612,3440,79.532
US7561091049,10672,O,USD,2020-02-10,79.99,80.25,79.32,80.25,11303,4892,79.987
US7561091049,10672,O,USD,2020-02-11,80.0,80.35,78.49,78.68,13726,7303,78.997
US7561091049,10672,O,USD,2020-02-12,78.48,78.88,78.0,78.29,15732,8309,78.4
US7561091049,10672,O,USD,2020-02-13,78.43,79.28,78.43,78.61,10662,5366,78.863
US7561091049,10672,O,USD,2020-02-14,78.89,80.25,78.81,80.2,13398,5059,79.945
US7561091049,10672,O,USD,2020-02-18,80.1,80.59,79.77,80.4,10671,4168,80.288
US7561091049,10672,O,USD,2020-02-19,80.69,80.9,79.41,80.06,9846,4119,79.745
US7561091049,10672,O,USD,2020-02-20,80.79,84.92,80.38,81.91,26564,14391,81.631
US7561091049,10672,O,USD,2020-02-21,80.6,82.5,80.59,82.44,18160,7692,82.26
US7561091049,10672,O,USD,2020-02-24,82.38,83.4,81.0,82.19,23353,13021,82.482
US7561091049,10672,O,USD,2020-02-25,82.99,82.99,80.2,80.5,31422,18096,81.057
US7561091049,10672,O,USD,2020-02-26,80.2,81.74,77.37,77.58,38859,18738,80.45
US7561091049,10672,O,USD,2020-02-27,77.05,77.05,72.0,72.89,101876,57462,74.45
US7561091049,10672,O,USD,2020-02-28,72.32,73.95,69.38,72.25,57850,29734,71.599
US7561091049,10672,O,USD,2020-03-02,73.0,75.06,71.66,74.99,36199,21551,73.843
US7561091049,10672,O,USD,2020-03-03,76.39,76.57,73.96,74.6,27218,14575,75.16
US7561091049,10672,O,USD,2020-03-04,75.75,78.33,75.75,77.05,28758,15581,77.468
US7561091049,10672,O,USD,2020-03-05,75.83,78.0,75.52,77.65,17381,9959,77.372
US7561091049,10672,O,USD,2020-03-06,76.5,76.9,74.2,76.6,22478,12016,75.949
US7561091049,10672,O,USD,2020-03-09,72.0,74.95,70.91,73.32,28643,17417,73.764
US7561091049,10672,O,USD,2020-03-10,75.2,76.68,72.7,76.59,26767,17421,74.85
US7561091049,10672,O,USD,2020-03-11,75.22,75.32,72.26,72.84,27694,15688,73.532
US7561091049,10672,O,USD,2020-03-12,69.52,73.62,66.06,67.74,40230,25361,68.784
US7561091049,10672,O,USD,2020-03-13,69.54,72.54,67.75,71.41,41553,24535,69.701
US7561091049,10672,O,USD,2020-03-16,69.5,69.51,53.94,55.45,50777,29970,61.033
US7561091049,10672,O,USD,2020-03-17,57.2,57.2,51.8,54.0,49510,31019,54.423
US7561091049,10672,O,USD,2020-03-18,52.71,55.1,40.0,43.0,53410,29765,44.339
US7561091049,10672,O,USD,2020-03-19,42.76,49.18,38.0,48.25,46536,27502,45.273
US7561091049,10672,O,USD,2020-03-20,49.8,52.56,46.7,46.84,41142,21451,48.946
US7561091049,10672,O,USD,2020-03-23,46.9,48.6,40.39,44.25,43089,22860,43.11
US7561091049,10672,O,USD,2020-03-24,46.18,51.99,45.0,51.0,36891,23061,48.369
US7561091049,10672,O,USD,2020-03-25,52.18,59.5,50.33,54.92,44439,27031,55.399
US7561091049,10672,O,USD,2020-03-26,54.41,58.89,52.9,58.89,34965,20824,57.182
US7561091049,10672,O,USD,2020-03-27,57.42,60.13,55.1,56.3,66768,25725,57.56
US7561091049,10672,O,USD,2020-03-30,56.2,57.97,51.25,53.35,48371,29495,52.645
US7561091049,10672,O,USD,2020-03-31,53.34,53.35,48.87,49.11,50394,23463,50.222
US7561091049,10672,O,USD,2020-04-01,48.9,48.91,45.03,46.47,37019,19443,46.164
US7561091049,10672,O,USD,2020-04-02,46.99,47.11,44.38,46.0,33773,16302,45.6
US7561091049,10672,O,USD,2020-04-03,45.5,46.39,43.41,43.94,30271,18071,44.35
US7561091049,10672,O,USD,2020-04-06,45.05,48.71,44.99,46.68,36651,20831,47.288
US7561091049,10672,O,USD,2020-04-07,49.13,52.08,48.67,50.0,43814,24922,50.624
US7561091049,10672,O,USD,2020-04-08,49.73,53.99,49.44,53.9,31128,17399,52.24
US7561091049,10672,O,USD,2020-04-09,54.0,60.73,53.23,57.84,36750,22670,57.92
US7561091049,10672,O,USD,2020-04-13,57.05,57.05,52.8,53.87,34039,19435,54.03
US7561091049,10672,O,USD,2020-04-14,55.0,56.4,54.04,55.63,23210,11333,55.681
US7561091049,10672,O,USD,2020-04-15,56.3,56.3,50.87,51.57,27947,16339,51.853
US7561091049,10672,O,USD,2020-04-16,52.8,53.25,49.63,53.0,21973,11967,50.441
US7561091049,10672,O,USD,2020-04-17,52.75,53.45,50.81,52.3,30465,17532,51.839
US7561091049,10672,O,USD,2020-04-20,51.88,52.03,50.38,50.88,18601,9694,51.152
US7561091049,10672,O,USD,2020-04-21,50.3,50.54,48.67,49.85,18757,10191,49.598
US7561091049,10672,O,USD,2020-04-22,49.86,51.5,49.69,50.02,15516,9614,50.206
US7561091049,10672,O,USD,2020-04-23,50.7,51.1,49.1,49.3,15307,8984,49.713
US7561091049,10672,O,USD,2020-04-24,49.47,50.45,49.1,49.96,18728,11211,49.819
US7561091049,10672,O,USD,2020-04-27,50.2,52.09,49.97,51.6,19489,11791,51.064
US7561091049,10672,O,USD,2020-04-28,52.6,54.5,52.59,53.6,19532,10732,53.574
US7561091049,10672,O,USD,2020-04-29,53.95,56.65,53.95,56.01,27354,14820,55.616
US7561091049,10672,O,USD,2020-04-30,56.0,56.3,53.2,53.99,38825,13255,54.711
US7561091049,10672,O,USD,2020-05-01,53.01,53.99,51.4,52.0,22007,12396,51.936
US7561091049,10672,O,USD,2020-05-04,50.64,52.42,50.09,52.39,26514,14995,50.694
US7561091049,10672,O,USD,2020-05-05,53.3,53.91,51.9,52.75,26904,16311,53.006
US7561091049,10672,O,USD,2020-05-06,52.88,53.39,51.94,52.45,24192,13597,52.671
US7561091049,10672,O,USD,2020-05-07,53.24,55.03,52.77,54.51,21505,11654,53.906
US7561091049,10672,O,USD,2020-05-08,55.04,56.09,54.09,54.4,18621,11172,54.892
US7561091049,10672,O,USD,2020-05-11,55.3,55.3,52.95,54.02,19022,9332,54.102
US7561091049,10672,O,USD,2020-05-12,54.59,54.99,51.2,51.46,26695,16862,52.114
US7561091049,10672,O,USD,2020-05-13,51.67,52.01,49.86,50.9,23172,13711,50.462
US7561091049,10672,O,USD,2020-05-14,50.0,50.75,47.68,50.5,24760,15860,49.579
US7561091049,10672,O,USD,2020-05-15,50.76,50.91,48.55,49.99,39950,16247,49.636
US7561091049,10672,O,USD,2020-05-18,50.17,53.72,50.17,53.08,26431,15565,53.028
US7561091049,10672,O,USD,2020-05-19,53.0,53.71,51.98,52.64,18531,9901,52.906
US7561091049,10672,O,USD,2020-05-20,53.8,53.99,50.82,51.55,25637,15573,51.405
US7561091049,10672,O,USD,2020-05-21,51.0,52.32,50.96,52.0,18508,9485,51.762
US7561091049,10672,O,USD,2020-05-22,51.46,52.33,51.4,52.18,14115,7848,51.863
US7561091049,10672,O,USD,2020-05-26,54.7,55.73,53.7,55.61,21826,12552,55.214
US7561091049,10672,O,USD,2020-05-27,56.0,57.8,54.23,55.85,32116,18863,55.19
US7561091049,10672,O,USD,2020-05-28,56.0,56.69,54.49,56.15,37956,19003,55.438
US7561091049,10672,O,USD,2020-05-29,57.01,57.01,54.65,55.4,89386,23034,55.361
US7561091049,10672,O,USD,2020-06-01,55.0,57.0,55.0,56.0,19328,11866,56.467
US7561091049,10672,O,USD,2020-06-02,57.66,57.88,56.8,57.2,25435,12215,57.16
US7561091049,10672,O,USD,2020-06-03,57.46,60.96,57.46,60.44,20649,10757,59.982
US7561091049,10672,O,USD,2020-06-04,60.17,60.73,58.85,60.38,18118,9806,60.015
US7561091049,10672,O,USD,2020-06-05,60.89,64.2,60.6,62.65,39894,23927,62.298
US7561091049,10672,O,USD,2020-06-08,63.28,64.47,63.28,64.4,21386,12227,63.907
US7561091049,10672,O,USD,2020-06-09,63.79,63.79,61.14,62.51,19083,10815,62.603
US7561091049,10672,O,USD,2020-06-10,63.0,63.44,60.91,61.3,22995,12179,62.236
US7561091049,10672,O,USD,2020-06-11,60.02,60.5,57.54,58.6,31698,18571,58.651
US7561091049,10672,O,USD,2020-06-12,58.95,61.18,58.52,60.0,17031,10824,60.066
US7561091049,10672,O,USD,2020-06-15,58.84,62.97,57.88,62.97,24801,15489,61.604
US7561091049,10672,O,USD,2020-06-16,64.04,66.0,62.67,62.81,28486,19091,63.645
US7561091049,10672,O,USD,2020-06-17,63.8,63.98,62.99,63.06,23813,15261,63.447
US7561091049,10672,O,USD,2020-06-18,63.2,64.32,62.04,63.39,24548,16579,63.565
US7561091049,10672,O,USD,2020-06-19,63.95,64.63,60.89,61.99,103310,24643,62.023
US7561091049,10672,O,USD,2020-06-22,62.02,62.2,60.46,61.65,23465,12245,61.375
US7561091049,10672,O,USD,2020-06-23,62.49,62.74,60.52,61.48,19657,10407,61.176
US7561091049,10672,O,USD,2020-06-24,61.26,61.39,57.5,59.7,20716,14487,58.999
US7561091049,10672,O,USD,2020-06-25,59.99,60.5,58.5,59.57,21950,12532,59.666
US7561091049,10672,O,USD,2020-06-26,59.5,60.14,58.33,58.6,14961,9783,58.972
US7561091049,10672,O,USD,2020-06-29,58.41,60.0,57.69,59.78,19012,11106,59.184
US7561091049,10672,O,USD,2020-06-30,59.78,60.36,58.94,59.3,12702,9278,59.628
US7561091049,10672,O,USD,2020-07-01,59.4,61.39,58.9,60.61,11342,6438,60.654
US7561091049,10672,O,USD,2020-07-02,61.65,62.75,60.5,61.34,14455,6678,61.208
US7561091049,10672,O,USD,2020-07-06,61.71,62.71,60.17,60.35,12539,5993,60.693
US7561091049,10672,O,USD,2020-07-07,60.0,60.0,58.52,58.8,12929,7701,58.977
US7561091049,10672,O,USD,2020-07-08,58.75,58.9,57.85,58.62,15294,7849,58.423
US7561091049,10672,O,USD,2020-07-09,58.47,58.81,56.32,57.1,18060,9375,57.059
US7561091049,10672,O,USD,2020-07-10,57.0,58.12,55.99,57.0,13330,7699,57.012
US7561091049,10672,O,USD,2020-07-13,57.14,57.78,56.33,56.76,15284,8981,57.014
US7561091049,10672,O,USD,2020-07-14,57.2,58.4,56.5,58.4,11398,6875,57.268
US7561091049,10672,O,USD,2020-07-15,58.76,59.06,57.63,58.7,14659,6721,58.361
US7561091049,10672,O,USD,2020-07-16,58.11,58.47,57.46,57.67,12264,6138,57.782
US7561091049,10672,O,USD,2020-07-17,58.09,58.99,57.55,58.46,9968,4826,58.449
US7561091049,10672,O,USD,2020-07-20,58.46,58.97,57.21,57.65,10955,5478,57.538
US7561091049,10672,O,USD,2020-07-21,58.6,58.6,57.01,57.27,16668,6350,57.427
US7561091049,10672,O,USD,2020-07-22,57.05,58.82,56.7,58.5,15331,8887,58.246
US7561091049,10672,O,USD,2020-07-23,58.2,58.71,56.63,57.35,12836,7076,57.517
US7561091049,10672,O,USD,2020-07-24,57.4,57.9,57.0,57.4,10424,5164,57.453
US7561091049,10672,O,USD,2020-07-27,57.68,58.77,56.72,58.6,14562,7863,58.125
US7561091049,10672,O,USD,2020-07-28,58.9,60.17,57.99,59.52,15505,8815,59.519
US7561091049,10672,O,USD,2020-07-29,59.92,60.9,59.29,60.75,12195,7078,60.129
US7561091049,10672,O,USD,2020-07-30,60.62,60.73,59.1,60.69,10932,6706,60.261
US7561091049,10672,O,USD,2020-07-31,60.11,60.17,58.97,60.0,29778,7058,59.871
US7561091049,10672,O,USD,2020-08-03,60.5,60.6,58.88,60.02,13341,7823,59.367
US7561091049,10672,O,USD,2020-08-04,60.01,62.61,60.01,61.86,26519,13855,61.922
US7561091049,10672,O,USD,2020-08-05,62.69,62.69,61.3,62.35,19562,10342,62.059
US7561091049,10672,O,USD,2020-08-06,61.93,62.78,61.52,62.05,14150,8946,62.199
US7561091049,10672,O,USD,2020-08-07,61.75,62.85,61.75,62.55,12106,6964,62.56
US7561091049,10672,O,USD,2020-08-10,62.18,63.25,62.18,62.39,12687,6911,62.73
US7561091049,10672,O,USD,2020-08-11,63.12,63.88,62.61,62.71,20403,12516,63.249
US7561091049,10672,O,USD,2020-08-12,62.68,63.61,62.44,63.21,10563,5171,62.841
US7561091049,10672,O,USD,2020-08-13,63.11,63.2,61.05,61.54,10748,6123,61.999
US7561091049,10672,O,USD,2020-08-14,62.11,62.19,60.79,60.95,11208,6073,61.33
US7561091049,10672,O,USD,2020-08-17,61.15,62.11,60.59,61.98,11314,6596,61.825
US7561091049,10672,O,USD,2020-08-18,62.0,62.09,61.03,61.78,10333,5679,61.525
US7561091049,10672,O,USD,2020-08-19,61.94,61.94,59.91,60.21,15450,8230,60.421
US7561091049,10672,O,USD,2020-08-20,60.0,61.59,59.53,61.02,11280,6294,61.084
US7561091049,10672,O,USD,2020-08-21,61.0,61.45,60.36,61.16,13291,6272,60.985
US7561091049,10672,O,USD,2020-08-24,61.62,62.5,60.44,62.4,13548,8322,61.797
US7561091049,10672,O,USD,2020-08-25,62.5,62.93,61.85,62.5,15112,9476,62.389
US7561091049,10672,O,USD,2020-08-26,62.9,62.9,61.26,61.68,12152,6396,61.674
US7561091049,10672,O,USD,2020-08-27,61.21,62.68,61.21,62.65,13244,7265,62.397
US7561091049,10672,O,USD,2020-08-28,62.99,63.54,61.92,63.11,16077,9023,62.937
US7561091049,10672,O,USD,2020-08-31,63.5,63.7,61.78,62.0,14724,9494,62.18
US7561091049,10672,O,USD,2020-09-01,62.5,62.8,61.06,62.7,17935,10329,62.354
US7561091049,10672,O,USD,2020-09-02,62.93,63.7,61.88,63.6,23389,10452,63.138
US7561091049,10672,O,USD,2020-09-03,63.54,64.91,62.91,64.19,22583,13355,64.093
US7561091049,10672,O,USD,2020-09-04,64.16,65.29,63.24,64.0,15617,10474,64.302
US7561091049,10672,O,USD,2020-09-08,65.0,65.0,63.34,63.8,14946,8059,64.185
US7561091049,10672,O,USD,2020-09-09,64.17,65.67,64.17,65.17,11157,7635,64.716
US7561091049,10672,O,USD,2020-09-10,65.49,65.49,63.73,64.38,10798,5688,64.138
US7561091049,10672,O,USD,2020-09-11,63.97,63.97,62.51,62.8,15368,8497,63.295
US7561091049,10672,O,USD,2020-09-14,63.93,65.59,63.57,65.5,14878,7857,65.081
US7561091049,10672,O,USD,2020-09-15,65.87,66.8,65.51,66.4,19471,9084,65.975
US7561091049,10672,O,USD,2020-09-16,65.81,66.56,65.22,65.59,15478,7807,65.834
US7561091049,10672,O,USD,2020-09-17,65.03,65.41,63.66,64.25,22421,13743,64.289
US7561091049,10672,O,USD,2020-09-18,65.02,65.02,62.27,63.0,30272,13222,62.74
US7561091049,10672,O,USD,2020-09-21,62.0,62.0,59.55,60.82,25348,14003,60.271
US7561091049,10672,O,USD,2020-09-22,60.42,61.64,60.3,60.63,15596,8398,60.784
US7561091049,10672,O,USD,2020-09-23,61.44,61.44,58.92,58.93,18334,10194,59.652
US7561091049,10672,O,USD,2020-09-24,59.2,59.44,58.36,59.0,22821,13098,58.781
US7561091049,10672,O,USD,2020-09-25,59.53,60.19,58.23,59.94,18983,8686,59.543
US7561091049,10672,O,USD,2020-09-28,60.47,62.02,60.25,62.0,16433,9355,61.599
US7561091049,10672,O,USD,2020-09-29,62.0,62.0,60.36,61.2,13492,7309,61.08
US7561091049,10672,O,USD,2020-09-30,60.86,61.95,60.02,60.75,24448,11238,60.914
US7561091049,10672,O,USD,2020-10-01,61.25,62.32,60.5,62.19,16752,8223,61.635
US7561091049,10672,O,USD,2020-10-02,61.1,64.1,60.56,63.01,21298,8196,63.422
US7561091049,10672,O,USD,2020-10-05,63.86,64.39,62.2,63.0,13914,6683,63.109
US7561091049,10672,O,USD,2020-10-06,63.26,63.9,62.6,62.91,15772,7145,63.122
US7561091049,10672,O,USD,2020-10-07,62.54,63.39,62.45,62.71,12442,6176,62.842
US7561091049,10672,O,USD,2020-10-08,62.65,63.79,62.65,63.38,15290,5147,63.589
US7561091049,10672,O,USD,2020-10-09,64.0,64.71,62.96,63.2,14793,6956,63.403
US7561091049,10672,O,USD,2020-10-12,63.17,63.6,62.58,63.31,10895,5029,63.231
US7561091049,10672,O,USD,2020-10-13,63.73,63.73,61.08,62.0,17659,7093,61.736
US7561091049,10672,O,USD,2020-10-14,61.79,61.82,60.7,61.2,13281,6563,61.057
US7561091049,10672,O,USD,2020-10-15,60.81,61.6,60.19,60.52,20279,9379,60.874
US7561091049,10672,O,USD,2020-10-16,61.18,61.18,59.91,60.56,21417,8993,60.466
US7561091049,10672,O,USD,2020-10-19,60.53,61.29,58.71,59.0,18640,11039,59.404
US7561091049,10672,O,USD,2020-10-20,59.52,59.69,58.96,59.4,13032,6566,59.222
US7561091049,10672,O,USD,2020-10-21,59.1,59.86,58.47,59.5,13700,7295,59.514
US7561091049,10672,O,USD,2020-10-22,59.68,60.25,59.3,60.25,8299,4554,59.915
US7561091049,10672,O,USD,2020-10-23,60.1,61.18,60.1,60.75,11329,5234,60.654
US7561091049,10672,O,USD,2020-10-26,60.48,60.48,59.28,59.83,16062,7740,59.712
US7561091049,10672,O,USD,2020-10-27,59.83,60.3,58.51,58.51,10930,5831,59.242
US7561091049,10672,O,USD,2020-10-28,58.2,58.49,57.59,58.09,18994,9529,57.922
US7561091049,10672,O,USD,2020-10-29,58.09,59.02,57.09,58.1,19524,9916,58.406
US7561091049,10672,O,USD,2020-10-30,57.8,58.81,57.34,57.86,13036,8415,57.766
US7561091049,10672,O,USD,2020-11-02,58.9,59.98,57.75,57.75,19148,11405,59.412
US7561091049,10672,O,USD,2020-11-03,58.5,59.85,58.5,59.4,16400,8613,59.102
US7561091049,10672,O,USD,2020-11-04,59.56,59.56,58.45,58.7,19880,8491,58.746
US7561091049,10672,O,USD,2020-11-05,58.8,59.18,57.97,58.1,18093,10432,58.385
US7561091049,10672,O,USD,2020-11-06,57.6,59.68,57.6,58.15,32336,17416,58.496
US7561091049,10672,O,USD,2020-11-09,59.22,64.3,59.0,61.64,50088,27158,62.373
US7561091049,10672,O,USD,2020-11-10,61.6,64.76,61.38,64.55,27616,15034,63.979
US7561091049,10672,O,USD,2020-11-11,64.75,64.77,62.43,62.91,17506,9481,63.285
US7561091049,10672,O,USD,2020-11-12,63.02,63.02,61.14,61.55,16032,8972,61.969
US7561091049,10672,O,USD,2020-11-13,61.9,63.2,61.22,63.0,11665,5938,62.766
US7561091049,10672,O,USD,2020-11-16,64.01,65.09,63.3,64.35,18179,9412,64.349
US7561091049,10672,O,USD,2020-11-17,64.0,64.46,62.36,62.82,18434,11729,62.905
US7561091049,10672,O,USD,2020-11-18,62.8,63.78,61.14,61.4,21221,12086,62.18
US7561091049,10672,O,USD,2020-11-19,60.95,61.96,60.08,60.48,24124,14785,60.957
US7561091049,10672,O,USD,2020-11-20,61.65,61.65,60.22,60.55,24601,12230,60.493
US7561091049,10672,O,USD,2020-11-23,61.0,62.05,60.6,61.69,20836,11294,61.357
US7561091049,10672,O,USD,2020-11-24,60.89,62.98,60.89,62.24,27175,12718,62.051
US7561091049,10672,O,USD,2020-11-25,61.8,63.14,61.47,62.61,24565,14628,62.605
US7561091049,10672,O,USD,2020-11-27,63.3,63.5,61.5,61.81,9873,5318,61.876
US7561091049,10672,O,USD,2020-11-30,61.81,62.25,59.93,60.77,43314,14163,60.285
US7561091049,10672,O,USD,2020-12-01,61.0,61.1,60.18,60.5,18950,10355,60.541
US7561091049,10672,O,USD,2020-12-02,60.75,61.04,60.03,60.92,15136,8015,60.756
US7561091049,10672,O,USD,2020-12-03,60.1,61.69,60.1,61.01,12921,6383,61.214
US7561091049,10672,O,USD,2020-12-04,61.43,61.89,60.89,61.0,14002,7621,61.265
US7561091049,10672,O,USD,2020-12-07,61.0,61.35,60.6,60.75,13882,6447,60.815
US7561091049,10672,O,USD,2020-12-08,60.8,61.12,60.39,60.68,21920,7318,60.606
US7561091049,10672,O,USD,2020-12-09,60.96,61.29,59.2,60.5,40009,10528,60.007
US7561091049,10672,O,USD,2020-12-10,60.8,61.0,59.84,60.2,28569,11222,60.036
US7561091049,10672,O,USD,2020-12-11,60.09,60.6,59.63,60.55,24476,11797,60.327
US7561091049,10672,O,USD,2020-12-14,61.02,61.9,60.42,60.62,23656,12312,60.924
US7561091049,10672,O,USD,2020-12-15,61.3,61.75,60.35,61.5,18433,8932,61.341
US7561091049,10672,O,USD,2020-12-16,61.75,62.1,61.28,61.3,15947,7831,61.509
US7561091049,10672,O,USD,2020-12-17,61.35,61.87,60.92,61.03,20853,10910,61.202
US7561091049,10672,O,USD,2020-12-18,61.09,61.54,59.27,59.85,41568,14620,59.943
US7561091049,10672,O,USD,2020-12-21,59.25,59.92,58.42,59.77,20768,10031,59.439
US7561091049,10672,O,USD,2020-12-22,59.98,60.94,59.52,60.52,17849,7613,60.514
US7561091049,10672,O,USD,2020-12-23,60.93,61.43,60.4,60.89,16208,8519,60.836
US7561091049,10672,O,USD,2020-12-24,60.99,61.12,60.29,60.8,5934,2692,60.757
US7561091049,10672,O,USD,2020-12-28,61.15,61.88,60.96,61.73,13708,5823,61.524
US7561091049,10672,O,USD,2020-12-29,61.5,62.25,60.83,61.27,11637,5934,61.258
US7561091049,10672,O,USD,2020-12-30,61.64,61.99,60.91,61.28,10897,5067,61.339
US7561091049,10672,O,USD,2020-12-31,61.2,62.2,60.45,61.96,18322,7718,61.589
US7561091049,10672,O,USD,2021-01-04,61.96,62.37,59.82,60.0,25572,13310,60.414
US7561091049,10672,O,USD,2021-01-05,60.14,60.75,59.94,60.16,21666,8477,60.257
US7561091049,10672,O,USD,2021-01-06,60.45,60.68,59.35,59.75,31137,13926,59.816
US7561091049,10672,O,USD,2021-01-07,60.0,60.14,58.56,58.91,33422,14132,58.964
US7561091049,10672,O,USD,2021-01-08,59.2,59.88,58.86,59.77,25646,11486,59.48
US7561091049,10672,O,USD,2021-01-11,59.71,59.83,57.7,57.8,20074,10132,59.419
US7561091049,10672,O,USD,2021-01-12,58.1,58.1,55.8,57.85,99600,40804,57.413
US7561091049,10672,O,USD,2021-01-13,58.0,58.86,57.52,57.94,31311,15084,57.925
US7561091049,10672,O,USD,2021-01-14,58.4,58.46,57.67,57.81,23561,12928,57.943
US7561091049,10672,O,USD,2021-01-15,58.0,58.92,57.39,58.31,23555,11946,58.157
US7561091049,10672,O,USD,2021-01-19,59.0,59.4,57.78,58.18,26247,11867,58.166
US7561091049,10672,O,USD,2021-01-20,58.44,59.18,58.02,58.86,20449,9590,58.754
US7561091049,10672,O,USD,2021-01-21,59.25,59.47,58.17,58.8,19629,7970,58.803
US7561091049,10672,O,USD,2021-01-22,58.62,59.95,58.62,59.59,22922,9461,59.399
US7561091049,10672,O,USD,2021-01-25,60.0,61.29,59.62,60.37,28741,12883,60.477
US7561091049,10672,O,USD,2021-01-26,60.9,61.18,60.2,60.55,18899,9440,60.719
US7561091049,10672,O,USD,2021-01-27,60.6,61.17,60.0,60.26,27317,14656,60.469
US7561091049,10672,O,USD,2021-01-28,60.1,61.75,60.09,61.0,22477,13018,61.261
US7561091049,10672,O,USD,2021-01-29,60.5,60.9,58.89,59.11,39082,10594,59.346
US7561091049,10672,O,USD,2021-02-01,59.49,60.23,58.84,60.15,18854,8459,59.581
US7561091049,10672,O,USD,2021-02-02,60.2,60.79,59.8,60.35,13054,7838,60.306
US7561091049,10672,O,USD,2021-02-03,60.77,60.77,59.64,60.5,16710,6840,60.294
US7561091049,10672,O,USD,2021-02-04,60.46,61.44,60.41,60.62,14580,6747,61.027
US7561091049,10672,O,USD,2021-02-05,60.94,61.43,60.85,61.31,10766,5168,61.222
US7561091049,10672,O,USD,2021-02-08,61.27,61.46,60.71,61.0,14944,6798,60.965
US7561091049,10672,O,USD,2021-02-09,61.0,61.8,60.76,61.8,17180,6379,61.566
US7561091049,10672,O,USD,2021-02-10,61.8,63.49,61.4,62.8,28430,11413,62.59
US7561091049,10672,O,USD,2021-02-11,62.96,63.04,62.39,62.99,16583,8382,62.843
US7561091049,10672,O,USD,2021-02-12,62.99,63.12,62.1,62.46,14186,6209,62.442
US7561091049,10672,O,USD,2021-02-16,62.7,62.81,61.28,61.7,21195,11099,61.841
US7561091049,10672,O,USD,2021-02-17,61.55,62.0,61.09,61.77,14095,7084,61.669
US7561091049,10672,O,USD,2021-02-18,61.5,61.74,60.84,61.48,25647,14210,61.216
US7561091049,10672,O,USD,2021-02-19,60.92,62.1,60.5,61.29,20092,10636,61.442
US7561091049,10672,O,USD,2021-02-22,61.0,62.49,61.0,62.37,28791,13571,62.033
US7561091049,10672,O,USD,2021-02-23,61.5,62.93,61.3,62.45,31235,17097,62.277
US7561091049,10672,O,USD,2021-02-24,62.94,62.94,61.93,62.6,29644,14753,62.281
US7561091049,10672,O,USD,2021-02-25,62.4,63.79,61.07,61.16,23012,14507,62.382
US7561091049,10672,O,USD,2021-02-26,60.88,61.94,60.22,60.5,17841,10783,60.877
US7561091049,10672,O,USD,2021-03-01,61.43,61.75,60.45,60.8,23262,12520,61.081
US7561091049,10672,O,USD,2021-03-02,60.5,60.99,59.71,60.47,28047,12914,60.31
US7561091049,10672,O,USD,2021-03-03,60.77,61.51,60.3,60.94,23530,10013,60.868
US7561091049,10672,O,USD,2021-03-04,60.78,60.93,58.7,59.0,33114,18627,59.778
US7561091049,10672,O,USD,2021-03-05,59.45,60.1,58.27,60.0,29417,16977,59.282
US7561091049,10672,O,USD,2021-03-08,59.6,61.16,59.6,60.8,28431,13626,60.602
US7561091049,10672,O,USD,2021-03-09,61.0,61.61,60.01,60.9,21423,13942,61.037
US7561091049,10672,O,USD,2021-03-10,61.56,61.82,60.68,61.65,27447,13966,61.345
US7561091049,10672,O,USD,2021-03-11,61.4,62.5,60.65,61.8,25336,13177,61.989
US7561091049,10672,O,USD,2021-03-12,61.75,62.98,61.44,62.8,22839,13034,62.345
US7561091049,10672,O,USD,2021-03-15,62.89,64.28,62.72,63.92,24700,13618,63.694
US7561091049,10672,O,USD,2021-03-16,63.98,64.46,63.29,63.96,22308,13121,63.91
US7561091049,10672,O,USD,2021-03-17,63.68,64.2,63.36,64.08,22589,11946,63.804
US7561091049,10672,O,USD,2021-03-18,63.88,63.96,62.92,63.27,16381,11072,63.308
US7561091049,10672,O,USD,2021-03-19,63.61,63.7,61.53,61.78,31555,18447,62.333
US7561091049,10672,O,USD,2021-03-22,62.24,62.75,61.43,62.45,28574,11483,62.239
US7561091049,10672,O,USD,2021-03-23,62.08,63.34,62.08,63.3,25634,8427,62.933
US7561091049,10672,O,USD,2021-03-24,63.23,64.23,62.84,63.68,22686,13334,63.658
US7561091049,10672,O,USD,2021-03-25,63.65,64.19,62.41,64.19,16154,9527,63.544
US7561091049,10672,O,USD,2021-03-26,64.15,64.59,63.41,64.2,14836,8014,64.067
US7561091049,10672,O,USD,2021-03-29,64.4,64.7,63.45,64.21,17143,8856,64.115
US7561091049,10672,O,USD,2021-03-30,63.98,64.5,63.73,64.1,17222,10302,64.059
US7561091049,10672,O,USD,2021-03-31,64.2,64.28,63.42,63.8,19907,7281,63.675
US7561091049,10672,O,USD,2021-04-01,63.35,65.16,63.13,65.16,19630,9488,64.519
US7561091049,10672,O,USD,2021-04-05,65.17,65.76,64.52,65.2,19355,8899,65.02
US7561091049,10672,O,USD,2021-04-06,65.25,65.44,64.63,65.13,25404,9477,65.064
US7561091049,10672,O,USD,2021-04-07,65.13,65.68,64.95,65.55,15897,8339,65.343
US7561091049,10672,O,USD,2021-04-08,65.75,65.8,65.32,65.56,13218,6656,65.479
US7561091049,10672,O,USD,2021-04-09,65.74,65.97,64.97,65.2,17164,6600,65.19
US7561091049,10672,O,USD,2021-04-12,65.22,65.74,64.71,65.65,16485,6130,65.398
US7561091049,10672,O,USD,2021-04-13,65.34,66.04,65.22,65.67,16252,7574,65.8
US7561091049,10672,O,USD,2021-04-14,65.86,66.05,65.27,65.52,13480,6825,65.563
US7561091049,10672,O,USD,2021-04-15,65.88,66.99,65.51,66.72,20822,10285,66.553
US7561091049,10672,O,USD,2021-04-16,66.99,67.64,66.82,67.2,19991,9065,67.079
US7561091049,10672,O,USD,2021-04-19,67.2,67.5,66.59,67.32,16081,9180,67.201
US7561091049,10672,O,USD,2021-04-20,67.34,68.67,67.21,68.6,20821,10066,68.423
US7561091049,10672,O,USD,2021-04-21,68.5,69.54,68.44,69.11,18769,9932,69.211
US7561091049,10672,O,USD,2021-04-22,69.2,70.05,68.96,69.11,19226,9709,69.376
US7561091049,10672,O,USD,2021-04-23,69.2,69.78,68.91,69.02,16301,7822,69.29
US7561091049,10672,O,USD,2021-04-26,69.42,69.98,69.09,69.23,14567,7057,69.434
US7561091049,10672,O,USD,2021-04-27,69.35,69.99,68.79,69.0,15408,8515,69.049
US7561091049,10672,O,USD,2021-04-28,69.0,69.33,68.5,68.64,12479,8092,68.812
US7561091049,10672,O,USD,2021-04-29,68.64,71.84,68.61,69.3,65644,42772,70.004
US7561091049,10672,O,USD,2021-04-30,69.27,69.35,67.82,69.21,47929,26000,68.861
US7561091049,10672,O,USD,2021-05-03,69.15,69.7,68.0,69.0,28333,16198,68.958
US7561091049,10672,O,USD,2021-05-04,69.22,70.0,68.7,69.85,27862,17073,69.162
US7561091049,10672,O,USD,2021-05-05,69.6,69.7,66.73,67.02,38627,20670,67.362
US7561091049,10672,O,USD,2021-05-06,67.5,67.89,67.01,67.7,35348,17523,67.511
US7561091049,10672,O,USD,2021-05-07,67.67,68.47,67.31,68.32,24282,15109,67.94
US7561091049,10672,O,USD,2021-05-10,68.3,68.79,67.5,67.51,25289,14491,68.015
US7561091049,10672,O,USD,2021-05-11,66.8,67.19,65.76,66.21,36305,18851,66.125
US7561091049,10672,O,USD,2021-05-12,66.08,66.37,64.52,64.76,26462,15406,65.153
US7561091049,10672,O,USD,2021-05-13,64.8,65.23,64.4,64.99,22868,13675,64.913
US7561091049,10672,O,USD,2021-05-14,64.72,65.79,64.72,65.34,19398,11251,65.308
US7561091049,10672,O,USD,2021-05-17,65.7,66.0,65.19,65.9,19040,10423,65.479
US7561091049,10672,O,USD,2021-05-18,65.7,65.82,65.05,65.55,16724,9662,65.532
US7561091049,10672,O,USD,2021-05-19,65.18,65.68,64.49,65.65,21054,12857,65.223
US7561091049,10672,O,USD,2021-05-20,65.62,67.13,65.41,66.78,28505,17020,66.606
US7561091049,10672,O,USD,2021-05-21,67.34,67.39,66.5,66.75,26736,15139,66.766
US7561091049,10672,O,USD,2021-05-24,66.97,68.48,66.76,68.12,28187,15740,67.938
US7561091049,10672,O,USD,2021-05-25,68.41,69.06,67.83,69.06,28965,18322,68.773
US7561091049,10672,O,USD,2021-05-26,69.0,69.52,68.68,69.39,21769,12253,69.258
US7561091049,10672,O,USD,2021-05-27,68.8,69.48,68.03,69.0,22539,14375,68.5
US7561091049,10672,O,USD,2021-05-28,68.53,68.61,68.0,68.52,22601,12198,68.315
US7561091049,10672,O,USD,2021-06-01,69.04,69.39,68.34,69.23,22435,13417,68.967
US7561091049,10672,O,USD,2021-06-02,69.26,70.64,69.1,70.5,23061,12970,70.139
US7561091049,10672,O,USD,2021-06-03,70.33,70.89,69.92,70.19,30049,18347,70.198
US7561091049,10672,O,USD,2021-06-04,70.63,70.64,69.85,70.34,21762,11819,70.257
US7561091049,10672,O,USD,2021-06-07,70.53,70.99,70.34,70.36,24447,15847,70.667
US7561091049,10672,O,USD,2021-06-08,70.39,71.0,70.33,70.5,31894,17869,70.625
US7561091049,10672,O,USD,2021-06-09,70.76,71.27,70.5,71.01,35020,14500,70.994
US7561091049,10672,O,USD,2021-06-10,71.67,71.67,70.62,71.13,26930,13467,71.024
US7561091049,10672,O,USD,2021-06-11,71.35,71.4,69.97,70.38,24805,13783,70.238
US7561091049,10672,O,USD,2021-06-14,70.5,70.78,70.16,70.51,27603,13001,70.445
US7561091049,10672,O,USD,2021-06-15,70.6,70.62,69.6,69.69,23953,13036,69.831
US7561091049,10672,O,USD,2021-06-16,70.07,70.07,68.36,68.57,24345,13081,69.073
US7561091049,10672,O,USD,2021-06-17,68.78,68.78,67.84,68.38,26948,15626,68.188
US7561091049,10672,O,USD,2021-06-18,68.7,68.7,66.81,67.0,51354,20034,67.308
US7561091049,10672,O,USD,2021-06-21,66.92,68.49,66.92,68.15,50265,21199,67.965
US7561091049,10672,O,USD,2021-06-22,68.79,68.79,67.44,67.44,29125,16326,67.728
US7561091049,10672,O,USD,2021-06-23,67.99,67.99,67.22,67.68,22372,11948,67.586
US7561091049,10672,O,USD,2021-06-24,68.0,68.0,66.88,67.02,27823,15741,67.098
US7561091049,10672,O,USD,2021-06-25,67.53,68.21,67.06,68.2,26468,13337,67.759
US7561091049,10672,O,USD,2021-06-28,68.2,68.39,67.51,67.77,34982,19840,67.779
US7561091049,10672,O,USD,2021-06-29,68.34,68.5,67.69,67.83,32600,18988,68.102
US7561091049,10672,O,USD,2021-06-30,67.61,68.28,65.37,65.85,34283,17173,67.122
US7561091049,10672,O,USD,2021-07-01,65.89,67.83,65.1,67.29,64953,35440,66.787
US7561091049,10672,O,USD,2021-07-02,67.4,67.91,67.06,67.41,20708,11921,67.472
US7561091049,10672,O,USD,2021-07-06,67.68,68.4,67.03,68.1,31116,17132,67.77
US7561091049,10672,O,USD,2021-07-07,67.09,68.44,67.09,68.29,18626,10409,68.11
US7561091049,10672,O,USD,2021-07-08,67.8,68.31,67.06,67.65,22969,13192,67.859
US7561091049,10672,O,USD,2021-07-09,67.8,68.9,67.68,68.9,20315,11497,68.498
US7561091049,10672,O,USD,2021-07-12,68.5,69.56,68.4,69.21,21609,11077,69.24
US7561091049,10672,O,USD,2021-07-13,69.55,69.55,68.08,68.5,21905,13325,68.707
US7561091049,10672,O,USD,2021-07-14,68.4,69.1,68.35,68.8,21458,11865,68.813
US7561091049,10672,O,USD,2021-07-15,68.77,69.33,68.76,69.23,16632,9028,69.135
US7561091049,10672,O,USD,2021-07-16,69.26,70.04,68.67,69.31,20914,12852,69.661
US7561091049,10672,O,USD,2021-07-19,69.1,69.2,68.04,68.75,27292,19215,68.449
US7561091049,10672,O,USD,2021-07-20,69.0,70.53,68.74,70.1,30657,17214,70.103
US7561091049,10672,O,USD,2021-07-21,70.35,70.8,70.03,70.18,15170,9597,70.451
US7561091049,10672,O,USD,2021-07-22,70.01,70.26,69.53,69.92,16283,10225,69.848
US7561091049,10672,O,USD,2021-07-23,70.1,70.61,69.97,70.54,14152,8240,70.379
US7561091049,10672,O,USD,2021-07-26,70.0,70.9,69.97,70.7,24317,13606,70.612
US7561091049,10672,O,USD,2021-07-27,70.65,71.38,70.3,71.05,27668,17932,70.982
US7561091049,10672,O,USD,2021-07-28,71.24,71.35,70.29,70.43,29763,12946,70.488
US7561091049,10672,O,USD,2021-07-29,70.7,71.0,70.14,70.22,18432,11860,70.423
US7561091049,10672,O,USD,2021-07-30,70.01,71.45,70.01,70.29,48562,22005,70.547
US7561091049,10672,O,USD,2021-08-02,70.2,71.25,69.8,70.1,23626,13990,70.356
US7561091049,10672,O,USD,2021-08-03,70.38,70.89,69.66,70.02,22738,13138,70.142
US7561091049,10672,O,USD,2021-08-04,70.39,70.67,69.98,70.15,23994,14039,70.224
US7561091049,10672,O,USD,2021-08-05,70.5,70.8,70.11,70.29,20172,11965,70.52
US7561091049,10672,O,USD,2021-08-06,71.0,71.2,70.21,70.5,15180,8854,70.778
US7561091049,10672,O,USD,2021-08-09,70.61,70.89,70.21,70.69,14490,7726,70.632
US7561091049,10672,O,USD,2021-08-10,70.86,70.89,70.0,70.15,16183,9075,70.289
US7561091049,10672,O,USD,2021-08-11,70.18,71.06,70.18,70.76,17954,10238,70.824
US7561091049,10672,O,USD,2021-08-12,70.94,71.18,70.38,70.51,13783,8554,70.657
US7561091049,10672,O,USD,2021-08-13,70.93,71.98,70.93,71.85,22457,14528,71.692
US7561091049,10672,O,USD,2021-08-16,71.17,72.73,71.17,72.41,22449,13442,72.417
US7561091049,10672,O,USD,2021-08-17,72.09,72.58,71.64,72.36,18060,10223,72.15
US7561091049,10672,O,USD,2021-08-18,72.47,72.48,71.5,71.51,16923,11045,71.857
US7561091049,10672,O,USD,2021-08-19,71.18,72.25,70.53,71.1,27994,16081,71.514
US7561091049,10672,O,USD,2021-08-20,71.5,72.34,70.85,71.8,39340,13735,71.914
US7561091049,10672,O,USD,2021-08-23,71.91,72.3,71.02,71.48,24401,14851,71.352
US7561091049,10672,O,USD,2021-08-24,71.59,71.59,70.63,70.99,22469,13200,70.905
US7561091049,10672,O,USD,2021-08-25,71.0,71.4,70.26,70.81,18075,9469,70.974
US7561091049,10672,O,USD,2021-08-26,71.16,71.26,70.61,70.98,15302,9233,71.012
US7561091049,10672,O,USD,2021-08-27,71.22,71.86,71.18,71.32,21468,12491,71.631
US7561091049,10672,O,USD,2021-08-30,71.42,72.1,71.33,72.1,29134,16580,71.744
US7561091049,10672,O,USD,2021-08-31,71.99,72.4,71.57,72.21,30431,15494,72.179
US7561091049,10672,O,USD,2021-09-01,72.48,72.75,71.25,72.0,31560,16809,72.316
US7561091049,10672,O,USD,2021-09-02,72.47,72.71,71.89,72.34,21113,12385,72.42
US7561091049,10672,O,USD,2021-09-03,72.73,72.79,71.0,72.0,45964,16453,71.766
US7561091049,10672,O,USD,2021-09-07,72.3,72.42,70.74,71.0,22780,12046,71.26
US7561091049,10672,O,USD,2021-09-08,71.0,71.91,70.9,71.7,21039,12835,71.595
US7561091049,10672,O,USD,2021-09-09,71.5,71.96,69.64,69.8,37111,20681,70.361
US7561091049,10672,O,USD,2021-09-10,70.14,70.4,67.92,68.09,36389,21779,68.608
US7561091049,10672,O,USD,2021-09-13,68.5,69.06,68.25,68.75,42691,25206,68.617
US7561091049,10672,O,USD,2021-09-14,68.89,68.94,67.66,68.04,33827,19338,68.213
US7561091049,10672,O,USD,2021-09-15,68.65,68.79,67.99,68.5,36696,20435,68.507
US7561091049,10672,O,USD,2021-09-16,68.59,68.92,68.01,68.36,24540,13047,68.501
US7561091049,10672,O,USD,2021-09-17,68.65,69.09,67.57,67.72,71171,18307,67.939
US7561091049,10672,O,USD,2021-09-20,67.6,68.12,66.7,67.79,38284,22114,67.602
US7561091049,10672,O,USD,2021-09-21,68.38,68.38,67.1,67.1,29844,16795,67.639
US7561091049,10672,O,USD,2021-09-22,67.89,68.14,67.42,67.95,29146,16968,67.81
US7561091049,10672,O,USD,2021-09-23,68.29,68.39,67.72,68.14,31687,18169,67.918
US7561091049,10672,O,USD,2021-09-24,68.07,68.07,66.22,66.75,32894,16495,66.745
US7561091049,10672,O,USD,2021-09-27,66.89,67.15,65.67,65.79,31302,16624,66.3
US7561091049,10672,O,USD,2021-09-28,65.68,65.84,64.91,65.05,32909,19238,65.195
US7561091049,10672,O,USD,2021-09-29,65.48,66.2,65.2,66.12,29518,16964,65.908
US7561091049,10672,O,USD,2021-09-30,66.25,66.34,64.86,65.03,26789,15047,65.263
US7561091049,10672,O,USD,2021-10-01,64.9,66.3,64.76,66.01,22323,12872,65.695
US7561091049,10672,O,USD,2021-10-04,66.0,66.59,65.2,66.45,26600,15415,66.253
US7561091049,10672,O,USD,2021-10-05,66.67,66.79,65.82,66.4,23507,14661,66.217
US7561091049,10672,O,USD,2021-10-06,65.05,68.0,65.0,67.9,29071,18585,66.774
US7561091049,10672,O,USD,2021-10-07,67.48,68.74,67.48,68.25,21650,12824,68.114
US7561091049,10672,O,USD,2021-10-08,67.82,68.08,67.09,67.1,15441,9399,67.565
US7561091049,10672,O,USD,2021-10-11,66.81,67.79,66.81,67.74,20168,10256,67.53
US7561091049,10672,O,USD,2021-10-12,67.55,69.01,67.55,68.6,25213,14555,68.528
US7561091049,10672,O,USD,2021-10-13,68.6,69.09,67.73,68.76,40155,23628,68.498
US7561091049,10672,O,USD,2021-10-14,68.9,69.79,68.4,69.5,34081,17932,69.174
US7561091049,10672,O,USD,2021-10-15,69.62,70.38,69.42,69.42,26840,15327,69.956
US7561091049,10672,O,USD,2021-10-18,69.61,70.5,69.2,70.5,17364,10006,70.128
US7561091049,10672,O,USD,2021-10-19,70.59,70.65,69.81,70.02,25785,11207,70.275
US7561091049,10672,O,USD,2021-10-20,70.13,71.4,70.03,71.0,20717,11886,70.933
US7561091049,10672,O,USD,2021-10-21,71.04,71.8,70.8,70.9,21450,13841,71.385
US7561091049,10672,O,USD,2021-10-22,71.0,71.95,71.0,71.76,19714,11639,71.668
US7561091049,10672,O,USD,2021-10-25,71.58,74.56,71.58,73.87,53670,33437,73.702
US7561091049,10672,O,USD,2021-10-26,73.85,74.6,73.38,73.61,35713,18438,73.946
US7561091049,10672,O,USD,2021-10-27,73.97,74.5,73.25,73.35,49413,31642,73.806
US7561091049,10672,O,USD,2021-10-28,73.49,73.61,72.51,73.2,51662,31885,73.017
US7561091049,10672,O,USD,2021-10-29,72.8,73.32,71.24,71.59,333597,60150,71.628
US7561091049,10672,O,USD,2021-11-01,71.7,72.17,69.38,70.5,40678,23341,70.352
US7561091049,10672,O,USD,2021-11-02,70.86,72.53,70.0,71.7,33989,19298,71.992
US7561091049,10672,O,USD,2021-11-03,72.3,72.65,71.62,72.3,27455,13107,72.237
US7561091049,10672,O,USD,2021-11-04,72.49,72.55,70.88,71.4,21798,12837,71.633
US7561091049,10672,O,USD,2021-11-05,71.1,72.65,71.1,72.0,25799,11674,71.863
US7561091049,10672,O,USD,2021-11-08,72.29,72.36,71.05,71.45,20394,12080,71.353
US7561091049,10672,O,USD,2021-11-09,71.26,71.77,70.76,70.95,26757,11852,71.096
US7561091049,10672,O,USD,2021-11-10,70.5,71.48,70.5,71.1,19806,10625,71.135
US7561091049,10672,O,USD,2021-11-11,71.23,72.5,70.67,72.5,22790,11458,71.922
US7561091049,10672,O,USD,2021-11-12,72.26,72.91,72.22,72.89,24541,12681,72.627
US7561091049,10672,O,USD,2021-11-15,71.4,71.9,70.41,70.98,61170,26429,70.899
US7561091049,10672,O,USD,2021-11-16,71.22,71.5,70.37,71.41,39297,22468,71.059
US7561091049,10672,O,USD,2021-11-17,71.5,72.02,69.55,71.9,54805,32145,71.119
US7561091049,10672,O,USD,2021-11-18,71.31,72.2,70.91,70.98,39466,18166,71.336
US7561091049,10672,O,USD,2021-11-19,71.15,71.42,70.3,70.83,48254,19814,70.854
US7561091049,10672,O,USD,2021-11-22,70.91,71.63,70.52,70.69,54903,24262,71.094
US7561091049,10672,O,USD,2021-11-23,70.69,71.06,69.89,69.98,37130,19099,70.489
US7561091049,10672,O,USD,2021-11-24,70.05,70.75,69.43,70.75,32103,16250,70.292
US7561091049,10672,O,USD,2021-11-26,69.99,70.78,68.52,69.17,29682,15650,69.907
US7561091049,10672,O,USD,2021-11-29,69.46,70.6,69.05,70.07,37465,19628,69.988
US7561091049,10672,O,USD,2021-11-30,69.55,69.55,67.89,68.0,47937,18693,68.323
US7561091049,10672,O,USD,2021-12-01,68.81,69.21,65.9,66.25,47774,22421,67.347
US7561091049,10672,O,USD,2021-12-02,67.0,68.06,66.42,67.5,34249,21425,67.56
US7561091049,10672,O,USD,2021-12-03,67.8,67.89,66.83,67.0,30810,17793,67.217
US7561091049,10672,O,USD,2021-12-06,68.28,69.59,67.25,68.22,44225,23855,68.526
US7561091049,10672,O,USD,2021-12-07,68.1,68.9,68.04,68.39,50854,25109,68.458
US7561091049,10672,O,USD,2021-12-08,68.8,69.15,68.24,68.89,34492,15569,68.753
US7561091049,10672,O,USD,2021-12-09,68.81,68.9,67.34,67.5,28686,15598,67.696
US7561091049,10672,O,USD,2021-12-10,67.82,67.85,66.89,67.09,29427,16168,67.176
US7561091049,10672,O,USD,2021-12-13,67.44,68.5,66.85,68.1,39875,20867,67.96
US7561091049,10672,O,USD,2021-12-14,67.9,68.64,67.15,67.42,37715,19332,67.597
US7561091049,10672,O,USD,2021-12-15,67.21,67.38,65.65,67.3,46987,24045,66.599
US7561091049,10672,O,USD,2021-12-16,67.84,68.0,67.13,67.7,38681,20495,67.619
US7561091049,10672,O,USD,2021-12-17,68.0,68.67,67.0,68.23,105340,27547,67.965
US7561091049,10672,O,USD,2021-12-20,67.3,67.6,66.36,67.38,30640,14667,66.987
US7561091049,10672,O,USD,2021-12-21,67.6,68.86,67.54,68.35,33702,13603,68.553
US7561091049,10672,O,USD,2021-12-22,68.73,69.34,68.46,69.0,24447,11096,68.945
US7561091049,10672,O,USD,2021-12-23,69.42,69.42,68.86,69.06,22742,7777,69.164
US7561091049,10672,O,USD,2021-12-27,69.59,70.95,69.18,70.61,23413,11786,70.249
US7561091049,10672,O,USD,2021-12-28,70.63,71.51,70.63,71.4,20486,9574,71.295
US7561091049,10672,O,USD,2021-12-29,71.21,72.03,71.01,71.9,14382,7303,71.741
US7561091049,10672,O,USD,2021-12-30,71.7,72.21,71.5,71.89,15791,7934,71.921
US7561091049,10672,O,USD,2021-12-31,71.4,72.01,71.35,71.59,17682,7595,71.694
US7561091049,10672,O,USD,2022-01-03,71.59,71.99,70.1,71.01,23743,11047,70.939
US7561091049,10672,O,USD,2022-01-04,71.16,72.48,71.11,72.04,26320,14123,72.089
US7561091049,10672,O,USD,2022-01-05,71.95,72.48,70.89,70.97,25081,12669,71.484
US7561091049,10672,O,USD,2022-01-06,71.0,71.87,70.55,71.75,20813,12103,71.414
US7561091049,10672,O,USD,2022-01-07,71.45,71.54,70.71,71.4,25012,11680,71.28
US7561091049,10672,O,USD,2022-01-10,71.37,71.75,70.55,71.75,25629,12080,71.257
US7561091049,10672,O,USD,2022-01-11,71.74,71.9,70.37,71.29,32702,15907,71.073
US7561091049,10672,O,USD,2022-01-12,71.65,72.19,71.03,72.0,24191,10936,71.846
US7561091049,10672,O,USD,2022-01-13,72.05,72.55,71.51,71.69,15499,9321,72.011
US7561091049,10672,O,USD,2022-01-14,72.0,72.0,70.75,71.35,19697,10098,71.326
US7561091049,10672,O,USD,2022-01-18,70.8,71.49,69.64,69.8,34103,16006,70.169
US7561091049,10672,O,USD,2022-01-19,69.7,70.1,68.55,68.55,22088,11027,69.143
US7561091049,10672,O,USD,2022-01-20,68.81,69.35,67.3,67.38,29021,13346,68.051
US7561091049,10672,O,USD,2022-01-21,67.23,68.24,66.98,67.74,33211,16940,67.79
US7561091049,10672,O,USD,2022-01-24,67.96,68.51,65.74,68.1,51506,21358,67.221
US7561091049,10672,O,USD,2022-01-25,68.17,69.22,67.11,69.0,35920,17296,68.44
US7561091049,10672,O,USD,2022-01-26,69.34,70.09,67.47,68.3,34537,18854,68.827
US7561091049,10672,O,USD,2022-01-27,68.0,69.19,67.49,68.24,23985,13497,68.212
US7561091049,10672,O,USD,2022-01-28,68.25,69.5,66.93,69.37,27543,13570,68.4
US7561091049,10672,O,USD,2022-01-31,69.4,69.44,68.29,69.41,20295,11995,69.116
US7561091049,10672,O,USD,2022-02-01,69.42,69.52,68.65,69.13,25013,11214,69.166
US7561091049,10672,O,USD,2022-02-02,69.13,70.02,68.62,69.69,25931,10586,69.545
US7561091049,10672,O,USD,2022-02-03,69.0,69.53,68.59,68.99,16814,7866,68.956
US7561091049,10672,O,USD,2022-02-04,68.91,68.91,67.73,68.19,22757,11923,68.285
US7561091049,10672,O,USD,2022-02-07,68.35,68.74,67.9,68.25,19856,8729,68.231
US7561091049,10672,O,USD,2022-02-08,68.1,68.2,67.32,67.64,23685,9866,67.634
US7561091049,10672,O,USD,2022-02-09,67.54,68.78,67.54,68.44,16804,8052,68.501
US7561091049,10672,O,USD,2022-02-10,68.17,68.74,66.91,67.24,23943,11731,67.747
US7561091049,10672,O,USD,2022-02-11,67.35,68.22,66.79,67.49,29900,14084,67.532
US7561091049,10672,O,USD,2022-02-14,67.25,67.69,66.58,67.0,30232,15355,67.027
US7561091049,10672,O,USD,2022-02-15,67.96,67.96,66.7,66.82,23776,11909,67.25
US7561091049,10672,O,USD,2022-02-16,67.7,67.7,66.72,67.33,29460,14894,67.251
US7561091049,10672,O,USD,2022-02-17,67.29,67.49,66.56,67.43,27670,13844,67.067
US7561091049,10672,O,USD,2022-02-18,67.01,67.62,66.5,66.5,28794,12049,66.829
US7561091049,10672,O,USD,2022-02-22,66.45,66.69,65.51,66.25,26186,12165,66.162
US7561091049,10672,O,USD,2022-02-23,66.98,67.37,65.11,65.11,27979,14511,65.853
US7561091049,10672,O,USD,2022-02-24,65.0,65.94,63.51,65.6,43491,23447,65.077
US7561091049,10672,O,USD,2022-02-25,65.76,67.8,65.52,67.41,46022,23157,67.041
US7561091049,10672,O,USD,2022-02-28,66.75,67.25,65.51,66.19,57099,22523,66.154
US7561091049,10672,O,USD,2022-03-01,66.2,66.57,65.48,65.85,47066,22706,65.97
US7561091049,10672,O,USD,2022-03-02,66.25,66.58,65.8,66.1,50223,23939,66.127
US7561091049,10672,O,USD,2022-03-03,66.3,66.66,65.42,66.16,43053,23678,66.262
US7561091049,10672,O,USD,2022-03-04,66.22,66.86,65.16,66.77,37518,18546,66.245
US7561091049,10672,O,USD,2022-03-07,66.0,66.59,64.53,64.53,39686,19200,65.159
US7561091049,10672,O,USD,2022-03-08,64.7,65.89,64.17,65.02,32198,16822,65.017
US7561091049,10672,O,USD,2022-03-09,65.25,65.96,65.12,65.17,28961,14687,65.493
US7561091049,10672,O,USD,2022-03-10,65.26,65.26,64.13,64.95,34557,18097,64.676
US7561091049,10672,O,USD,2022-03-11,64.74,65.89,64.74,65.21,26233,13728,65.496
US7561091049,10672,O,USD,2022-03-14,65.5,66.15,64.59,64.88,25023,14022,65.193
US7561091049,10672,O,USD,2022-03-15,64.99,66.12,64.66,65.18,30859,13394,65.218
US7561091049,10672,O,USD,2022-03-16,66.08,66.17,64.51,65.64,39834,16911,65.47
US7561091049,10672,O,USD,2022-03-17,65.84,66.52,65.13,66.48,30281,11230,66.323
US7561091049,10672,O,USD,2022-03-18,66.4,67.1,66.26,67.1,46026,12189,66.713
US7561091049,10672,O,USD,2022-03-21,67.0,67.48,66.24,66.4,33632,13020,66.765
US7561091049,10672,O,USD,2022-03-22,66.85,67.79,66.68,67.7,42272,15036,67.472
US7561091049,10672,O,USD,2022-03-23,67.66,67.89,66.75,66.8,22213,10264,66.994
US7561091049,10672,O,USD,2022-03-24,67.2,67.26,66.36,66.77,24511,11563,66.689
US7561091049,10672,O,USD,2022-03-25,66.11,67.99,66.11,67.94,21186,9271,67.734
US7561091049,10672,O,USD,2022-03-28,68.44,68.78,67.71,68.78,27424,10894,68.494
US7561091049,10672,O,USD,2022-03-29,69.0,70.79,68.66,70.25,30217,13379,70.107
US7561091049,10672,O,USD,2022-03-30,70.08,70.89,70.0,70.28,22870,10695,70.305
US7561091049,10672,O,USD,2022-03-31,70.02,70.67,69.01,69.3,31027,11787,69.764
US7561091049,10672,O,USD,2022-04-01,70.3,70.91,69.33,70.9,25539,12102,70.345
US7561091049,10672,O,USD,2022-04-04,70.63,70.86,69.77,70.15,24283,11497,70.39
US7561091049,10672,O,USD,2022-04-05,70.24,71.47,70.24,70.6,24238,12806,70.994
US7561091049,10672,O,USD,2022-04-06,70.25,71.8,69.77,71.7,25898,12858,71.279
US7561091049,10672,O,USD,2022-04-07,72.05,72.05,70.79,71.5,27884,12210,71.341
US7561091049,10672,O,USD,2022-04-08,71.67,72.53,70.81,70.81,21556,10733,72.011
US7561091049,10672,O,USD,2022-04-11,72.15,72.3,71.09,71.09,18190,8561,71.651
US7561091049,10672,O,USD,2022-04-12,71.35,71.86,71.14,71.6,17744,8710,71.525
US7561091049,10672,O,USD,2022-04-13,71.6,72.22,71.5,72.1,20735,8969,71.996
US7561091049,10672,O,USD,2022-04-14,72.2,74.0,71.29,72.61,19956,9521,72.73
US7561091049,10672,O,USD,2022-04-18,72.31,73.48,72.31,73.48,19856,9165,73.079
US7561091049,10672,O,USD,2022-04-19,73.3,74.27,72.88,74.0,26598,12168,74.007
US7561091049,10672,O,USD,2022-04-20,74.0,75.32,74.0,75.0,20973,10389,74.832
US7561091049,10672,O,USD,2022-04-21,75.14,75.4,74.52,74.6,21552,9252,74.911
US7561091049,10672,O,USD,2022-04-22,74.56,74.75,73.2,74.29,24864,10570,74.042
US7561091049,10672,O,USD,2022-04-25,72.9,73.66,71.86,72.8,32684,17745,72.598
US7561091049,10672,O,USD,2022-04-26,72.74,73.51,71.5,71.5,28327,12603,72.48
US7561091049,10672,O,USD,2022-04-27,72.03,72.56,71.61,71.66,22799,11898,71.987
US7561091049,10672,O,USD,2022-04-28,72.33,72.83,71.21,72.71,25113,12743,72.146
US7561091049,10672,O,USD,2022-04-29,72.22,72.22,69.23,69.87,52437,16375,69.903
US7561091049,10672,O,USD,2022-05-02,69.84,69.89,66.11,67.37,31956,16575,67.583
US7561091049,10672,O,USD,2022-05-03,67.7,68.66,67.11,67.58,23185,12802,67.813
US7561091049,10672,O,USD,2022-05-04,68.0,69.18,67.01,69.18,25081,11773,68.007
US7561091049,10672,O,USD,2022-05-05,69.3,70.3,66.65,67.34,24466,12299,67.444
US7561091049,10672,O,USD,2022-05-06,67.58,68.29,65.37,66.19,27097,13909,66.111
US7561091049,10672,O,USD,2022-05-09,67.02,67.02,64.3,64.8,35258,18794,64.987
US7561091049,10672,O,USD,2022-05-10,64.99,65.51,62.74,63.5,45668,21846,63.719
US7561091049,10672,O,USD,2022-05-11,64.6,64.62,63.04,64.19,34770,19884,63.959
US7561091049,10672,O,USD,2022-05-12,63.5,65.49,63.3,65.47,43586,26123,64.631
US7561091049,10672,O,USD,2022-05-13,65.91,67.5,65.4,67.48,40687,22570,66.712
US7561091049,10672,O,USD,2022-05-16,66.99,68.37,66.99,67.65,28250,15087,67.941
US7561091049,10672,O,USD,2022-05-17,68.57,68.82,67.78,68.6,37439,18614,68.455
US7561091049,10672,O,USD,2022-05-18,68.17,68.5,66.88,67.2,44301,15027,67.469
US7561091049,10672,O,USD,2022-05-19,66.91,67.81,66.18,67.38,36134,19816,67.035
US7561091049,10672,O,USD,2022-05-20,67.49,68.12,66.9,67.76,32501,16180,67.583
US7561091049,10672,O,USD,2022-05-23,68.14,68.49,67.02,67.15,50602,23388,67.619
US7561091049,10672,O,USD,2022-05-24,67.06,68.6,66.29,68.6,31322,18411,67.582
US7561091049,10672,O,USD,2022-05-25,68.4,69.45,67.31,69.18,33807,18955,68.921
US7561091049,10672,O,USD,2022-05-26,69.18,69.45,68.0,68.0,36279,19839,68.497
US7561091049,10672,O,USD,2022-05-27,68.3,69.45,68.2,69.45,26615,13175,69.154
US7561091049,10672,O,USD,2022-05-31,69.31,69.45,67.3,68.49,51559,16428,68.143
US7561091049,10672,O,USD,2022-06-01,68.3,69.26,67.59,68.08,22416,12030,68.034
US7561091049,10672,O,USD,2022-06-02,68.4,68.49,66.97,68.49,19969,11282,67.996
US7561091049,10672,O,USD,2022-06-03,68.45,68.45,67.25,67.49,21481,11803,67.652
US7561091049,10672,O,USD,2022-06-06,67.8,67.83,66.44,67.05,38613,19650,66.966
US7561091049,10672,O,USD,2022-06-07,66.97,68.11,66.62,68.06,31212,14897,67.419
US7561091049,10672,O,USD,2022-06-08,67.93,67.93,66.88,67.33,23651,11579,67.222
US7561091049,10672,O,USD,2022-06-09,67.55,67.56,66.26,66.88,35277,15402,66.841
US7561091049,10672,O,USD,2022-06-10,66.7,66.73,65.27,66.3,35312,18343,65.955
US7561091049,10672,O,USD,2022-06-13,65.01,65.24,62.93,63.21,43265,20063,63.683
US7561091049,10672,O,USD,2022-06-14,63.8,63.8,62.28,63.1,34695,17214,62.806
US7561091049,10672,O,USD,2022-06-15,62.96,65.79,62.96,64.67,38053,20768,64.656
US7561091049,10672,O,USD,2022-06-16,64.48,64.91,63.08,64.34,37072,19493,64.3
US7561091049,10672,O,USD,2022-06-17,64.38,65.7,63.98,65.19,134242,24313,64.824
US7561091049,10672,O,USD,2022-06-21,65.3,66.24,65.01,65.17,28822,14296,65.786
US7561091049,10672,O,USD,2022-06-22,65.02,67.07,64.76,66.47,25912,12864,66.496
US7561091049,10672,O,USD,2022-06-23,66.58,68.1,66.58,67.99,31087,14117,67.665
US7561091049,10672,O,USD,2022-06-24,68.01,69.38,67.91,69.02,49499,16432,68.955
US7561091049,10672,O,USD,2022-06-27,69.05,69.67,68.56,69.26,29918,14661,69.269
US7561091049,10672,O,USD,2022-06-28,69.44,70.68,69.03,69.11,21977,11248,69.598
US7561091049,10672,O,USD,2022-06-29,69.5,69.5,68.88,69.36,24828,11754,69.236
US7561091049,10672,O,USD,2022-06-30,68.5,69.0,67.95,68.01,29970,13923,68.33
US7561091049,10672,O,USD,2022-07-01,66.96,70.21,66.96,70.12,24052,11793,69.492
US7561091049,10672,O,USD,2022-07-05,69.7,69.86,68.08,69.02,22473,12614,68.96
US7561091049,10672,O,USD,2022-07-06,69.1,69.98,69.03,69.4,24506,11640,69.564
US7561091049,10672,O,USD,2022-07-07,69.52,69.75,68.65,68.79,32160,17107,69.171
US7561091049,10672,O,USD,2022-07-08,68.5,69.3,68.44,69.15,23246,12565,68.92
US7561091049,10672,O,USD,2022-07-11,68.75,69.58,68.59,69.35,20978,10581,69.261
US7561091049,10672,O,USD,2022-07-12,69.32,69.89,68.79,69.22,20321,11460,69.409
US7561091049,10672,O,USD,2022-07-13,69.49,69.49,68.0,68.0,27233,13841,68.443
US7561091049,10672,O,USD,2022-07-14,67.71,68.66,66.86,68.6,31721,12500,68.25
US7561091049,10672,O,USD,2022-07-15,68.45,70.48,68.45,70.25,30458,13946,69.915
US7561091049,10672,O,USD,2022-07-18,70.66,70.66,69.16,69.73,23299,11067,69.816
US7561091049,10672,O,USD,2022-07-19,69.85,70.25,69.29,70.25,20604,9117,69.885
US7561091049,10672,O,USD,2022-07-20,69.74,70.55,69.38,70.2,14525,7104,70.144
US7561091049,10672,O,USD,2022-07-21,70.08,70.6,69.75,70.4,14099,6963,70.285
US7561091049,10672,O,USD,2022-07-22,70.6,71.49,70.53,71.49,16943,8612,71.214
US7561091049,10672,O,USD,2022-07-25,70.8,71.89,70.8,71.43,15760,8638,71.544
US7561091049,10672,O,USD,2022-07-26,71.53,72.66,71.51,72.66,18298,8714,72.257
US7561091049,10672,O,USD,2022-07-27,72.49,72.53,71.21,71.54,20128,9386,71.827
US7561091049,10672,O,USD,2022-07-28,71.14,73.61,71.14,73.54,20790,10780,73.1
US7561091049,10672,O,USD,2022-07-29,73.36,74.18,72.96,73.71,37947,9707,73.924
US7561091049,10672,O,USD,2022-08-01,71.77,74.16,71.77,73.73,19839,9195,73.793
US7561091049,10672,O,USD,2022-08-02,73.59,74.06,72.77,73.05,21489,9828,73.301
US7561091049,10672,O,USD,2022-08-03,73.28,73.52,71.08,72.05,27566,13178,72.549
US7561091049,10672,O,USD,2022-08-04,71.3,73.17,71.3,72.45,24165,12419,72.489
US7561091049,10672,O,USD,2022-08-05,72.53,72.79,71.56,72.76,19881,11043,72.272
US7561091049,10672,O,USD,2022-08-08,72.52,73.83,72.5,73.26,15420,8414,73.276
US7561091049,10672,O,USD,2022-08-09,73.28,73.7,73.27,73.41,21091,8338,73.524
US7561091049,10672,O,USD,2022-08-10,73.65,74.35,73.3,74.1,24848,12848,73.914
US7561091049,10672,O,USD,2022-08-11,73.92,74.56,73.62,74.0,22797,11700,74.006
US7561091049,10672,O,USD,2022-08-12,73.86,74.77,73.5,74.5,25587,12294,74.444
US7561091049,10672,O,USD,2022-08-15,74.5,75.11,74.25,74.76,23829,11269,74.773
US7561091049,10672,O,USD,2022-08-16,74.85,74.85,73.5,73.71,39558,18675,74.009
US7561091049,10672,O,USD,2022-08-17,73.34,73.95,73.04,73.5,25993,14099,73.494
US7561091049,10672,O,USD,2022-08-18,73.58,73.91,72.73,73.01,22951,12145,73.066
US7561091049,10672,O,USD,2022-08-19,72.99,73.25,72.38,73.1,35059,13227,72.925
US7561091049,10672,O,USD,2022-08-22,72.9,72.9,71.72,71.79,32211,12302,71.96
US7561091049,10672,O,USD,2022-08-23,71.9,72.0,70.12,70.51,37193,14569,70.702
US7561091049,10672,O,USD,2022-08-24,71.0,71.0,70.54,70.66,24071,12534,70.703
US7561091049,10672,O,USD,2022-08-25,70.95,71.13,70.53,71.02,20551,10500,70.895
US7561091049,10672,O,USD,2022-08-26,71.5,71.5,69.83,69.83,26257,14929,70.252
US7561091049,10672,O,USD,2022-08-29,69.7,70.69,69.33,70.0,27910,10579,70.14
US7561091049,10672,O,USD,2022-08-30,70.49,70.49,68.51,69.12,32306,16955,69.516
US7561091049,10672,O,USD,2022-08-31,69.0,69.82,68.03,68.03,34554,14055,68.51
US7561091049,10672,O,USD,2022-09-01,68.1,68.72,67.53,68.72,27771,15767,68.075
US7561091049,10672,O,USD,2022-09-02,68.56,68.9,67.56,67.72,19987,11296,68.127
US7561091049,10672,O,USD,2022-09-06,68.3,68.45,67.36,67.8,30333,16910,67.846
US7561091049,10672,O,USD,2022-09-07,68.25,68.46,67.58,68.32,20568,10839,68.095
US7561091049,10672,O,USD,2022-09-08,68.19,68.43,66.18,66.48,70933,29936,66.94
US7561091049,10672,O,USD,2022-09-09,66.78,67.0,66.01,66.9,33330,18910,66.668
US7561091049,10672,O,USD,2022-09-12,67.49,67.84,66.79,67.75,30502,17011,67.539
US7561091049,10672,O,USD,2022-09-13,67.89,67.9,65.76,66.16,32263,17602,66.381
US7561091049,10672,O,USD,2022-09-14,67.31,67.31,65.01,65.62,39562,18599,65.532
US7561091049,10672,O,USD,2022-09-15,65.63,66.15,63.37,63.55,58264,25432,64.101
US7561091049,10672,O,USD,2022-09-16,63.36,64.74,63.0,64.5,109139,29091,64.097
US7561091049,10672,O,USD,2022-09-19,64.21,64.22,63.34,64.0,37141,17193,63.848
US7561091049,10672,O,USD,2022-09-20,63.94,64.1,62.6,63.22,34167,15736,63.021
US7561091049,10672,O,USD,2022-09-21,63.2,63.84,62.4,62.4,38007,18376,63.153
US7561091049,10672,O,USD,2022-09-22,62.35,62.86,62.12,62.5,34886,15108,62.457
US7561091049,10672,O,USD,2022-09-23,62.49,62.56,61.03,61.51,35688,17266,61.827
US7561091049,10672,O,USD,2022-09-26,61.99,62.03,60.35,60.9,39544,20100,60.955
US7561091049,10672,O,USD,2022-09-27,61.47,61.57,59.42,59.66,31375,16095,60.025
US7561091049,10672,O,USD,2022-09-28,59.49,60.67,59.1,60.3,32239,15259,60.268
US7561091049,10672,O,USD,2022-09-29,60.3,60.61,57.61,58.32,38196,19769,58.296
US7561091049,10672,O,USD,2022-09-30,58.22,58.76,57.68,58.5,45393,18178,58.146
US7561091049,10672,O,USD,2022-10-03,58.1,59.62,57.71,59.5,34677,16845,59.048
US7561091049,10672,O,USD,2022-10-04,59.8,61.08,59.22,60.0,30866,15478,60.315
US7561091049,10672,O,USD,2022-10-05,59.83,60.0,58.41,59.6,25937,13067,59.254
US7561091049,10672,O,USD,2022-10-06,59.82,59.89,58.22,58.5,30565,14007,58.693
US7561091049,10672,O,USD,2022-10-07,58.52,58.7,57.68,58.05,26222,12860,58.171
US7561091049,10672,O,USD,2022-10-10,58.05,58.83,57.32,57.5,24935,12675,57.882
US7561091049,10672,O,USD,2022-10-11,57.3,58.34,57.05,58.0,29848,14706,57.901
US7561091049,10672,O,USD,2022-10-12,58.24,58.32,57.52,57.96,22873,11984,57.766
US7561091049,10672,O,USD,2022-10-13,57.94,57.96,55.87,57.45,34845,19054,56.962
US7561091049,10672,O,USD,2022-10-14,57.58,58.45,55.5,55.65,32796,16728,56.337
US7561091049,10672,O,USD,2022-10-17,55.85,57.87,55.6,57.87,42017,16649,57.424
US7561091049,10672,O,USD,2022-10-18,58.26,58.93,57.95,58.93,32049,18462,58.424
US7561091049,10672,O,USD,2022-10-19,58.63,58.75,57.41,57.81,29667,15230,58.016
US7561091049,10672,O,USD,2022-10-20,57.61,58.33,57.36,57.36,25535,12598,57.71
US7561091049,10672,O,USD,2022-10-21,57.3,57.79,56.68,57.6,31512,12829,57.453
US7561091049,10672,O,USD,2022-10-24,57.68,59.23,57.63,59.01,35046,14426,58.783
US7561091049,10672,O,USD,2022-10-25,59.0,60.57,58.71,60.14,59539,14554,60.284
US7561091049,10672,O,USD,2022-10-26,60.38,60.95,60.21,60.6,31108,14497,60.648
US7561091049,10672,O,USD,2022-10-27,60.78,61.74,60.59,61.15,26233,14717,61.231
US7561091049,10672,O,USD,2022-10-28,60.81,62.41,60.1,62.26,23644,12317,62.028
US7561091049,10672,O,USD,2022-10-31,61.56,62.46,61.51,62.0,57302,15676,62.209
US7561091049,10672,O,USD,2022-11-01,62.49,62.94,62.01,62.5,28239,14494,62.365
US7561091049,10672,O,USD,2022-11-02,62.15,62.46,60.61,61.1,31833,15644,61.332
US7561091049,10672,O,USD,2022-11-03,61.0,61.99,59.94,61.51,20982,10743,61.231
US7561091049,10672,O,USD,2022-11-04,61.0,63.46,61.0,63.0,29299,15979,62.63
US7561091049,10672,O,USD,2022-11-07,63.12,63.31,62.5,63.26,25101,12710,63.034
US7561091049,10672,O,USD,2022-11-08,63.14,63.92,62.85,63.52,23140,12492,63.395
US7561091049,10672,O,USD,2022-11-09,63.1,64.28,63.1,63.35,23192,12400,63.581
US7561091049,10672,O,USD,2022-11-10,63.3,66.0,63.01,65.54,35295,17869,65.253
US7561091049,10672,O,USD,2022-11-11,65.5,65.83,64.66,64.97,26505,14448,65.078
US7561091049,10672,O,USD,2022-11-14,64.8,65.22,64.06,64.36,29682,14630,64.56
US7561091049,10672,O,USD,2022-11-15,64.5,65.39,63.96,64.72,33950,16101,64.731
US7561091049,10672,O,USD,2022-11-16,64.76,64.76,63.69,64.14,28465,14026,64.099
US7561091049,10672,O,USD,2022-11-17,63.63,64.43,63.13,64.27,25045,13809,64.006
US7561091049,10672,O,USD,2022-11-18,64.69,65.2,64.31,64.84,23797,11301,64.657
US7561091049,10672,O,USD,2022-11-21,64.49,65.37,64.4,65.3,22574,11063,65.077
US7561091049,10672,O,USD,2022-11-22,65.26,65.68,65.09,65.3,23785,11536,65.366
US7561091049,10672,O,USD,2022-11-23,65.43,65.58,64.19,64.74,26151,14127,64.611
US7561091049,10672,O,USD,2022-11-25,64.74,65.0,64.53,64.85,14019,7271,64.761
US7561091049,10672,O,USD,2022-11-28,64.44,64.84,61.52,61.88,55509,26664,62.366
US7561091049,10672,O,USD,2022-11-29,62.24,62.55,61.44,62.3,43082,17585,62.185
US7561091049,10672,O,USD,2022-11-30,62.1,63.24,61.1,63.08,55109,21002,62.563
US7561091049,10672,O,USD,2022-12-01,63.39,63.92,62.58,62.85,31950,15106,63.052
US7561091049,10672,O,USD,2022-12-02,63.1,63.5,61.95,63.07,26347,13396,62.731
US7561091049,10672,O,USD,2022-12-05,62.8,63.28,61.75,62.3,37093,11123,62.321
US7561091049,10672,O,USD,2022-12-06,62.31,62.94,62.0,62.53,43597,19860,62.664
US7561091049,10672,O,USD,2022-12-07,62.99,63.82,62.51,63.57,35938,18922,63.514
US7561091049,10672,O,USD,2022-12-08,63.55,64.42,63.55,64.33,31207,16242,64.082
US7561091049,10672,O,USD,2022-12-09,64.14,64.9,63.92,64.45,36871,17720,64.501
US7561091049,10672,O,USD,2022-12-12,64.56,64.91,64.1,64.67,39921,18702,64.522
US7561091049,10672,O,USD,2022-12-13,64.75,66.44,64.0,64.63,33845,16888,65.133
US7561091049,10672,O,USD,2022-12-14,65.1,65.64,64.4,64.67,35428,13517,64.924
US7561091049,10672,O,USD,2022-12-15,64.2,65.02,64.07,64.62,36109,18493,64.607
US7561091049,10672,O,USD,2022-12-16,64.3,64.36,62.39,63.47,88380,21308,63.387
US7561091049,10672,O,USD,2022-12-19,63.61,64.09,63.0,63.54,29325,15074,63.534
US7561091049,10672,O,USD,2022-12-20,63.77,63.77,62.59,63.24,27161,14449,63.202
US7561091049,10672,O,USD,2022-12-21,63.55,64.8,63.39,64.48,31395,16294,64.365
US7561091049,10672,O,USD,2022-12-22,64.4,64.4,62.52,63.26,25322,14133,63.347
US7561091049,10672,O,USD,2022-12-23,63.5,64.5,63.24,64.5,14866,7461,64.022
US7561091049,10672,O,USD,2022-12-27,64.55,64.65,63.63,64.0,28119,10396,64.062
US7561091049,10672,O,USD,2022-12-28,64.24,64.45,63.0,63.25,21050,11904,63.583
US7561091049,10672,O,USD,2022-12-29,63.5,64.2,63.43,64.0,19511,9334,63.909
US7561091049,10672,O,USD,2022-12-30,63.5,63.78,62.74,63.6,18958,8412,63.285
US7561091049,10672,O,USD,2023-01-03,65.3,65.3,62.84,63.9,36999,17700,63.539
US7561091049,10672,O,USD,2023-01-04,63.8,65.22,63.5,64.59,28601,15544,64.78
US7561091049,10672,O,USD,2023-01-05,64.57,64.6,63.11,63.46,26423,12535,63.437
US7561091049,10672,O,USD,2023-01-06,63.43,64.45,63.3,64.08,36274,17876,64.13
US7561091049,10672,O,USD,2023-01-09,64.08,64.87,63.68,64.7,31565,16520,64.593
US7561091049,10672,O,USD,2023-01-10,64.61,64.63,63.81,64.22,25015,13907,64.128
US7561091049,10672,O,USD,2023-01-11,64.4,66.08,64.1,65.99,35149,17031,65.631
US7561091049,10672,O,USD,2023-01-12,65.85,66.84,65.57,66.35,23818,12868,66.391
US7561091049,10672,O,USD,2023-01-13,66.52,66.55,65.81,66.29,16806,8464,66.17
US7561091049,10672,O,USD,2023-01-17,66.84,67.25,66.16,66.9,24108,10433,66.886
US7561091049,10672,O,USD,2023-01-18,66.92,67.1,65.71,66.06,19820,9853,66.23
US7561091049,10672,O,USD,2023-01-19,66.37,66.64,65.28,65.59,20027,10648,65.717
US7561091049,10672,O,USD,2023-01-20,65.7,66.44,64.84,66.38,19619,8321,65.956
US7561091049,10672,O,USD,2023-01-23,66.44,67.3,66.12,66.58,20505,10906,66.858
US7561091049,10672,O,USD,2023-01-24,66.77,67.45,66.53,67.0,13891,7423,67.114
US7561091049,10672,O,USD,2023-01-25,66.97,67.34,66.7,67.18,30495,10535,67.166
US7561091049,10672,O,USD,2023-01-26,67.62,68.0,67.13,67.9,18429,7585,67.799
US7561091049,10672,O,USD,2023-01-27,67.79,68.68,67.65,68.49,31201,8483,68.317
US7561091049,10672,O,USD,2023-01-30,68.3,68.45,67.62,67.93,18041,8333,67.984
US7561091049,10672,O,USD,2023-01-31,67.7,68.15,67.1,67.83,40080,11307,67.79
US7561091049,10672,O,USD,2023-02-01,67.61,68.13,66.76,67.9,26642,13825,67.637
US7561091049,10672,O,USD,2023-02-02,68.1,68.85,67.49,67.86,26064,13831,68.061
US7561091049,10672,O,USD,2023-02-03,67.69,67.85,66.38,67.58,29515,14045,67.139
US7561091049,10672,O,USD,2023-02-06,67.4,67.89,66.72,67.89,19102,10789,67.391
US7561091049,10672,O,USD,2023-02-07,67.81,67.99,66.81,67.28,28128,12373,67.407
US7561091049,10672,O,USD,2023-02-08,67.3,67.7,66.93,67.06,20449,11425,67.253
US7561091049,10672,O,USD,2023-02-09,67.96,67.96,66.17,66.23,19076,10090,66.579
US7561091049,10672,O,USD,2023-02-10,66.37,67.0,66.03,66.53,16732,7773,66.672
US7561091049,10672,O,USD,2023-02-13,66.63,67.35,66.57,67.15,17547,8366,67.137
US7561091049,10672,O,USD,2023-02-14,67.06,67.25,65.67,65.69,25396,12702,66.053
US7561091049,10672,O,USD,2023-02-15,65.7,66.44,65.52,66.4,16886,8733,66.066
US7561091049,10672,O,USD,2023-02-16,66.38,66.64,65.52,66.01,19406,10126,66.286
US7561091049,10672,O,USD,2023-02-17,66.07,66.4,65.64,66.25,22039,8960,66.131
US7561091049,10672,O,USD,2023-02-21,65.7,66.05,65.0,65.82,19780,10194,65.317
US7561091049,10672,O,USD,2023-02-22,65.95,67.05,65.42,65.52,26610,13672,66.05
US7561091049,10672,O,USD,2023-02-23,65.86,66.52,65.55,66.09,27996,16909,66.094
US7561091049,10672,O,USD,2023-02-24,66.47,66.9,64.66,65.06,25277,12386,65.046
US7561091049,10672,O,USD,2023-02-27,65.31,65.73,64.46,64.9,29402,15347,64.827
US7561091049,10672,O,USD,2023-02-28,64.75,64.81,63.74,63.84,44076,13650,64.173
US7561091049,10672,O,USD,2023-03-01,64.0,64.35,62.77,63.38,27223,15474,63.378
US7561091049,10672,O,USD,2023-03-02,63.46,64.25,63.16,63.88,25809,13167,63.845
US7561091049,10672,O,USD,2023-03-03,64.2,64.79,64.15,64.45,27782,15281,64.509
US7561091049,10672,O,USD,2023-03-06,64.49,64.89,64.2,64.45,28243,13848,64.456
US7561091049,10672,O,USD,2023-03-07,64.49,64.7,63.66,64.07,27784,15190,63.957
US7561091049,10672,O,USD,2023-03-08,64.08,64.7,63.76,64.7,21461,11937,64.315
US7561091049,10672,O,USD,2023-03-09,64.27,64.7,63.31,63.31,26541,14063,64.021
US7561091049,10672,O,USD,2023-03-10,63.4,63.7,61.22,61.64,46072,22698,62.131
US7561091049,10672,O,USD,2023-03-13,62.45,63.67,60.99,63.12,52509,29494,62.877
US7561091049,10672,O,USD,2023-03-14,63.25,64.03,62.73,63.22,42417,18846,63.319
US7561091049,10672,O,USD,2023-03-15,63.29,63.75,62.11,63.15,45159,23776,62.909
US7561091049,10672,O,USD,2023-03-16,63.36,63.36,61.74,62.5,36989,16258,62.4
US7561091049,10672,O,USD,2023-03-17,62.85,62.85,61.35,61.95,55059,17920,61.706
US7561091049,10672,O,USD,2023-03-20,61.35,62.29,61.04,62.19,33009,15376,61.94
US7561091049,10672,O,USD,2023-03-21,62.01,62.5,61.01,61.39,36264,16706,61.482
US7561091049,10672,O,USD,2023-03-22,61.57,61.57,59.36,60.02,31455,16667,60.15
US7561091049,10672,O,USD,2023-03-23,60.1,60.68,59.09,59.5,26639,12652,59.65
US7561091049,10672,O,USD,2023-03-24,59.4,61.09,59.07,61.07,28157,14067,60.495
US7561091049,10672,O,USD,2023-03-27,61.18,61.47,60.62,60.77,29681,11712,60.9
US7561091049,10672,O,USD,2023-03-28,60.85,61.07,60.25,61.06,18596,9591,60.833
US7561091049,10672,O,USD,2023-03-29,61.37,62.14,61.25,62.05,23423,11522,61.921
US7561091049,10672,O,USD,2023-03-30,62.41,62.86,62.32,62.42,21394,10827,62.573
US7561091049,10672,O,USD,2023-03-31,62.65,63.36,62.35,63.32,33776,12945,63.086
US7561091049,10672,O,USD,2023-04-03,63.2,63.41,62.39,62.87,38534,15653,62.85
US7561091049,10672,O,USD,2023-04-04,62.87,62.99,62.38,62.88,22741,9859,62.736
US7561091049,10672,O,USD,2023-04-05,62.6,63.11,62.47,62.7,31676,16949,62.819
US7561091049,10672,O,USD,2023-04-06,62.71,62.99,62.1,62.57,25507,11385,62.423
US7561091049,10672,O,USD,2023-04-10,62.57,62.7,61.71,62.7,25372,11439,62.276
US7561091049,10672,O,USD,2023-04-11,62.87,62.9,61.71,62.29,64990,25211,62.037
US7561091049,10672,O,USD,2023-04-12,62.35,63.23,61.87,61.92,38600,17950,62.417
US7561091049,10672,O,USD,2023-04-13,62.18,62.19,60.96,61.53,31816,14209,61.383
US7561091049,10672,O,USD,2023-04-14,61.61,61.89,60.48,60.9,30403,11365,60.955
US7561091049,10672,O,USD,2023-04-17,60.89,61.58,60.78,61.58,23651,11354,61.181
US7561091049,10672,O,USD,2023-04-18,61.48,61.75,60.87,61.12,17322,7924,61.168
US7561091049,10672,O,USD,2023-04-19,61.22,61.65,60.63,61.25,18099,8698,61.365
US7561091049,10672,O,USD,2023-04-20,61.2,61.98,61.0,61.5,24377,12833,61.763
US7561091049,10672,O,USD,2023-04-21,61.84,62.62,61.79,62.32,33378,14014,62.242
US7561091049,10672,O,USD,2023-04-24,62.3,62.49,61.62,62.05,19059,9950,61.949
US7561091049,10672,O,USD,2023-04-25,61.74,62.28,61.74,62.13,28862,11382,62.07
US7561091049,10672,O,USD,2023-04-26,61.98,62.22,61.15,61.31,19968,9359,61.486
US7561091049,10672,O,USD,2023-04-27,61.51,62.64,61.27,62.25,24946,11547,62.223
US7561091049,10672,O,USD,2023-04-28,62.0,62.94,61.92,62.8,28073,9035,62.725
US7561091049,10672,O,USD,2023-05-01,62.55,62.89,62.18,62.24,16845,8213,62.427
US7561091049,10672,O,USD,2023-05-02,62.32,62.32,61.16,61.4,19867,9332,61.508
US7561091049,10672,O,USD,2023-05-03,61.6,61.82,60.84,61.44,23624,13526,61.285
US7561091049,10672,O,USD,2023-05-04,61.22,62.18,60.53,61.92,25121,12100,61.712
US7561091049,10672,O,USD,2023-05-05,62.05,63.55,61.9,62.82,25210,12639,62.981
US7561091049,10672,O,USD,2023-05-08,62.94,63.25,62.47,62.7,13972,7638,62.777
US7561091049,10672,O,USD,2023-05-09,62.59,62.65,61.96,62.22,19626,8683,62.305
US7561091049,10672,O,USD,2023-05-10,62.22,62.83,61.91,62.6,20981,9730,62.389
US7561091049,10672,O,USD,2023-05-11,62.56,62.56,61.39,61.88,17739,8482,61.726
US7561091049,10672,O,USD,2023-05-12,61.85,62.1,61.58,61.99,18053,9732,61.908
US7561091049,10672,O,USD,2023-05-15,62.33,62.35,61.61,61.97,18783,8238,61.905
US7561091049,10672,O,USD,2023-05-16,61.98,61.98,60.28,60.34,25930,12493,60.766
US7561091049,10672,O,USD,2023-05-17,60.55,60.74,59.93,60.66,29712,12278,60.473
US7561091049,10672,O,USD,2023-05-18,60.75,60.86,59.88,60.07,34303,17686,60.179
US7561091049,10672,O,USD,2023-05-19,60.37,60.74,59.83,60.09,25809,12907,60.157
US7561091049,10672,O,USD,2023-05-22,60.1,60.59,59.9,60.57,22012,11336,60.317
US7561091049,10672,O,USD,2023-05-23,60.55,60.8,59.97,60.25,19685,10265,60.293
US7561091049,10672,O,USD,2023-05-24,60.08,60.34,59.06,59.25,21013,10002,59.36
US7561091049,10672,O,USD,2023-05-25,59.39,59.7,58.13,58.64,25552,13853,58.619
US7561091049,10672,O,USD,2023-05-26,58.65,58.86,58.22,58.75,25250,12396,58.585
US7561091049,10672,O,USD,2023-05-30,59.14,59.52,58.85,59.04,32148,12756,59.131
US7561091049,10672,O,USD,2023-05-31,58.86,59.77,58.77,59.5,68366,21630,59.422
US7561091049,10672,O,USD,2023-06-01,59.64,59.84,58.88,59.45,34942,16700,59.134
US7561091049,10672,O,USD,2023-06-02,59.38,60.1,59.32,59.78,37125,16162,59.729
US7561091049,10672,O,USD,2023-06-05,59.9,60.59,59.68,60.05,29850,13747,60.115
US7561091049,10672,O,USD,2023-06-06,60.0,60.25,59.52,59.86,27842,13617,60.023
US7561091049,10672,O,USD,2023-06-07,60.18,61.18,59.97,61.0,26480,12043,60.806
US7561091049,10672,O,USD,2023-06-08,61.0,61.0,60.36,60.85,18174,7898,60.817
US7561091049,10672,O,USD,2023-06-09,60.85,61.13,60.53,60.8,19460,10325,60.83
US7561091049,10672,O,USD,2023-06-12,61.06,61.13,60.62,60.94,33923,14249,60.922
US7561091049,10672,O,USD,2023-06-13,61.06,61.53,60.96,61.19,31953,15965,61.185
US7561091049,10672,O,USD,2023-06-14,61.3,62.12,60.93,61.24,43964,20175,61.361
US7561091049,10672,O,USD,2023-06-15,61.2,61.34,60.82,61.29,36769,16030,61.14
US7561091049,10672,O,USD,2023-06-16,61.32,61.65,61.11,61.28,150965,22515,61.374
US7561091049,10672,O,USD,2023-06-20,61.4,61.4,60.17,60.6,43980,16839,60.496
US7561091049,10672,O,USD,2023-06-21,60.44,60.45,59.45,59.75,44650,19613,59.725
US7561091049,10672,O,USD,2023-06-22,59.71,60.1,59.05,59.65,24175,11946,59.4
US7561091049,10672,O,USD,2023-06-23,59.53,59.53,58.75,58.94,47648,14622,58.912
US7561091049,10672,O,USD,2023-06-26,58.94,59.98,58.82,59.65,25085,11859,59.572
US7561091049,10672,O,USD,2023-06-27,60.1,60.5,59.73,60.0,41607,12806,60.089
US7561091049,10672,O,USD,2023-06-28,60.2,60.26,59.78,60.12,27318,10981,60.041
US7561091049,10672,O,USD,2023-06-29,60.25,60.35,59.61,60.27,27546,13361,59.983
US7561091049,10672,O,USD,2023-06-30,60.02,60.49,59.19,59.7,59227,18997,59.684
US7561091049,10672,O,USD,2023-07-03,59.77,60.57,59.56,60.2,18198,8583,60.201
US7561091049,10672,O,USD,2023-07-05,60.28,60.88,59.8,60.69,36550,15330,60.595
US7561091049,10672,O,USD,2023-07-06,60.45,60.49,59.19,59.97,31381,12923,59.788
US7561091049,10672,O,USD,2023-07-07,59.91,59.96,59.34,59.57,37639,15750,59.652
US7561091049,10672,O,USD,2023-07-10,59.57,59.75,59.17,59.35,40031,14201,59.359
US7561091049,10672,O,USD,2023-07-11,59.47,60.53,59.24,60.4,35541,14756,60.039
US7561091049,10672,O,USD,2023-07-12,60.4,61.16,60.29,60.45,32049,14079,60.676
US7561091049,10672,O,USD,2023-07-13,60.57,60.99,60.12,60.85,39001,18635,60.613
US7561091049,10672,O,USD,2023-07-14,60.75,61.03,60.48,60.81,25919,12588,60.737
US7561091049,10672,O,USD,2023-07-17,60.89,61.35,60.5,61.16,23977,11827,61.195
US7561091049,10672,O,USD,2023-07-18,61.28,61.45,60.76,61.0,25239,12233,61.046
US7561091049,10672,O,USD,2023-07-19,61.04,62.13,60.99,61.61,35962,13565,61.737
US7561091049,10672,O,USD,2023-07-20,61.56,62.64,61.3,62.5,24821,12690,62.363
US7561091049,10672,O,USD,2023-07-21,62.52,63.16,62.51,62.78,22720,8971,62.851
US7561091049,10672,O,USD,2023-07-24,62.63,63.45,62.4,63.35,43433,9425,63.288
US7561091049,10672,O,USD,2023-07-25,63.24,63.56,63.05,63.09,25270,11916,63.251
US7561091049,10672,O,USD,2023-07-26,63.02,63.88,63.0,63.61,27699,14115,63.62
US7561091049,10672,O,USD,2023-07-27,63.82,64.18,62.14,62.5,41316,15826,62.567
US7561091049,10672,O,USD,2023-07-28,62.36,62.71,61.13,61.69,39706,18119,61.625
US7561091049,10672,O,USD,2023-07-31,61.34,61.53,60.59,61.04,82017,19146,61.008
US7561091049,10672,O,USD,2023-08-01,61.08,61.3,60.6,60.76,24752,11897,60.881
US7561091049,10672,O,USD,2023-08-02,60.55,60.69,59.8,60.37,27071,14611,60.415
US7561091049,10672,O,USD,2023-08-03,60.2,60.36,58.62,58.91,51467,27874,58.918
US7561091049,10672,O,USD,2023-08-04,59.1,60.25,59.01,59.18,35075,18737,59.595
US7561091049,10672,O,USD,2023-08-07,59.41,60.19,59.0,60.12,31543,17477,59.923
US7561091049,10672,O,USD,2023-08-08,60.0,60.18,58.88,59.1,34999,18634,59.142
US7561091049,10672,O,USD,2023-08-09,59.26,59.81,58.66,59.52,29573,17371,59.449
US7561091049,10672,O,USD,2023-08-10,59.57,60.0,58.55,58.85,55464,29235,58.855
US7561091049,10672,O,USD,2023-08-11,58.83,58.95,58.33,58.68,37394,18640,58.604
US7561091049,10672,O,USD,2023-08-14,58.75,58.8,57.82,58.04,49359,23199,58.041
US7561091049,10672,O,USD,2023-08-15,57.94,58.01,56.84,57.69,47757,24647,57.335
US7561091049,10672,O,USD,2023-08-16,57.5,57.69,56.82,57.0,41065,18870,57.102
US7561091049,10672,O,USD,2023-08-17,57.1,57.62,56.85,57.01,41264,20764,57.2
US7561091049,10672,O,USD,2023-08-18,57.03,57.22,56.53,56.88,37221,16478,56.935
US7561091049,10672,O,USD,2023-08-21,57.0,57.1,55.96,56.27,34054,15951,56.273
US7561091049,10672,O,USD,2023-08-22,56.41,56.62,56.15,56.4,24708,12973,56.305
US7561091049,10672,O,USD,2023-08-23,56.5,57.23,56.32,57.11,48985,13801,56.983
US7561091049,10672,O,USD,2023-08-24,57.26,57.55,56.32,56.35,45023,18905,56.674
US7561091049,10672,O,USD,2023-08-25,56.5,56.95,55.81,56.1,68648,31461,56.058
US7561091049,10672,O,USD,2023-08-28,56.2,56.65,55.92,56.54,64376,25146,56.424
US7561091049,10672,O,USD,2023-08-29,56.69,56.69,56.04,56.32,36642,17792,56.341
US7561091049,10672,O,USD,2023-08-30,56.51,56.78,56.06,56.6,67726,29079,56.419
US7561091049,10672,O,USD,2023-08-31,56.5,56.69,55.99,56.09,55870,18224,56.132
US7561091049,10672,O,USD,2023-09-01,56.25,56.59,56.01,56.1,31407,13134,56.199
US7561091049,10672,O,USD,2023-09-05,56.2,56.32,55.2,55.31,39008,16945,55.546
US7561091049,10672,O,USD,2023-09-06,55.42,55.8,54.76,55.0,38189,16616,55.006
US7561091049,10672,O,USD,2023-09-07,55.02,55.44,54.8,55.28,48351,21449,55.157
US7561091049,10672,O,USD,2023-09-08,55.45,55.74,55.19,55.41,34175,13868,55.387
US7561091049,10672,O,USD,2023-09-11,55.49,55.6,55.04,55.3,28539,12147,55.192
US7561091049,10672,O,USD,2023-09-12,55.28,55.35,54.91,55.2,28931,13053,55.15
US7561091049,10672,O,USD,2023-09-13,55.27,55.54,55.0,55.13,39657,15523,55.125
US7561091049,10672,O,USD,2023-09-14,55.27,55.43,55.05,55.26,49204,19906,55.225
US7561091049,10672,O,USD,2023-09-15,55.15,55.37,53.98,54.12,150282,30217,54.217
US7561091049,10672,O,USD,2023-09-18,54.27,54.44,53.65,53.85,47117,18575,53.907
US7561091049,10672,O,USD,2023-09-19,53.85,54.25,53.68,54.07,35150,13246,54.005
US7561091049,10672,O,USD,2023-09-20,54.2,54.61,53.73,53.89,26464,11525,54.108
US7561091049,10672,O,USD,2023-09-21,53.81,53.81,52.04,52.2,45359,19431,52.595
US7561091049,10672,O,USD,2023-09-22,52.16,52.46,51.51,51.61,59057,20116,51.835
US7561091049,10672,O,USD,2023-09-25,51.8,51.97,50.85,51.24,42968,16335,51.137
US7561091049,10672,O,USD,2023-09-26,51.13,53.0,49.95,50.42,41181,17576,50.446
US7561091049,10672,O,USD,2023-09-27,50.9,50.94,49.38,49.86,43705,18928,49.92
US7561091049,10672,O,USD,2023-09-28,49.85,50.08,49.58,49.79,46117,21250,49.774
US7561091049,10672,O,USD,2023-09-29,49.6,50.53,49.58,49.99,43254,17727,49.978
US7561091049,10672,O,USD,2023-10-02,50.25,50.25,48.76,49.09,47417,20219,49.15
US7561091049,10672,O,USD,2023-10-03,49.09,49.21,48.41,48.92,53127,21412,48.78
US7561091049,10672,O,USD,2023-10-04,48.98,49.68,48.66,49.66,45488,20431,49.295
US7561091049,10672,O,USD,2023-10-05,49.64,50.4,49.3,50.1,40125,19679,49.872
US7561091049,10672,O,USD,2023-10-06,50.26,50.54,49.37,50.13,34142,17560,50.047
US7561091049,10672,O,USD,2023-10-09,50.0,50.85,49.82,50.55,31135,14438,50.519
US7561091049,10672,O,USD,2023-10-10,50.68,50.84,49.17,50.2,49085,21131,50.013
US7561091049,10672,O,USD,2023-10-11,50.4,51.21,50.3,51.04,31764,14523,50.835
US7561091049,10672,O,USD,2023-10-12,51.05,51.33,50.06,50.4,30535,14527,50.372
US7561091049,10672,O,USD,2023-10-13,50.49,50.75,50.2,50.6,25543,11279,50.516
US7561091049,10672,O,USD,2023-10-16,50.51,51.02,49.94,50.93,36484,16038,50.654
US7561091049,10672,O,USD,2023-10-17,50.77,51.29,50.4,50.97,51592,20606,50.923
US7561091049,10672,O,USD,2023-10-18,50.93,50.98,49.88,50.18,32172,14448,50.231
US7561091049,10672,O,USD,2023-10-19,50.32,50.38,49.3,49.37,40262,17963,49.712
US7561091049,10672,O,USD,2023-10-20,49.5,49.82,49.26,49.35,39204,18085,49.517
US7561091049,10672,O,USD,2023-10-23,49.37,49.58,48.61,49.14,38774,17022,49.181
US7561091049,10672,O,USD,2023-10-24,49.2,49.75,49.01,49.66,32416,14233,49.519
US7561091049,10672,O,USD,2023-10-25,49.59,49.69,49.07,49.15,26055,12435,49.348
US7561091049,10672,O,USD,2023-10-26,49.15,50.22,49.0,50.0,33286,14614,49.926
US7561091049,10672,O,USD,2023-10-27,49.95,49.99,48.81,49.2,33084,15393,49.159
US7561091049,10672,O,USD,2023-10-30,49.2,49.4,45.03,46.36,270187,130411,46.123
US7561091049,10672,O,USD,2023-10-31,46.13,47.52,45.93,47.38,127553,48255,47.085
US7561091049,10672,O,USD,2023-11-01,47.48,48.15,47.22,48.13,60944,29245,47.777
US7561091049,10672,O,USD,2023-11-02,48.23,50.2,48.23,49.92,70647,37620,49.728
US7561091049,10672,O,USD,2023-11-03,50.14,51.37,50.13,51.0,49847,25135,51.048
US7561091049,10672,O,USD,2023-11-06,51.06,51.5,50.25,50.85,49459,23271,50.496
US7561091049,10672,O,USD,2023-11-07,50.96,51.25,50.03,50.93,43672,22815,50.554
US7561091049,10672,O,USD,2023-11-08,50.73,51.36,50.7,51.2,41121,20422,51.119
US7561091049,10672,O,USD,2023-11-09,51.48,51.5,49.85,50.2,40820,20827,50.402
US7561091049,10672,O,USD,2023-11-10,50.33,50.53,49.85,50.04,41691,17340,50.078
US7561091049,10672,O,USD,2023-11-13,50.04,50.16,49.52,49.99,46280,16694,49.802
US7561091049,10672,O,USD,2023-11-14,50.02,52.77,49.99,52.5,54340,26378,52.071
US7561091049,10672,O,USD,2023-11-15,52.48,52.82,52.15,52.51,41342,19820,52.435
US7561091049,10672,O,USD,2023-11-16,52.83,53.28,52.41,53.15,57354,26162,52.964
US7561091049,10672,O,USD,2023-11-17,53.27,53.7,52.74,52.9,47536,20274,52.992
US7561091049,10672,O,USD,2023-11-20,53.12,53.42,52.51,53.25,39245,18980,53.141
US7561091049,10672,O,USD,2023-11-21,53.24,53.62,52.78,53.55,40969,18176,53.403
US7561091049,10672,O,USD,2023-11-22,53.56,54.04,53.09,53.39,30769,14665,53.42
US7561091049,10672,O,USD,2023-11-24,53.5,53.99,53.11,53.8,18069,8801,53.702
US7561091049,10672,O,USD,2023-11-27,53.92,54.34,53.65,54.13,31632,13577,54.071
US7561091049,10672,O,USD,2023-11-28,54.09,54.45,53.77,53.84,56235,24137,54.109
US7561091049,10672,O,USD,2023-11-29,54.05,54.5,53.57,53.78,42620,21961,53.955
US7561091049,10672,O,USD,2023-11-30,53.73,54.11,53.15,53.97,84107,24220,53.855
US7561091049,10672,O,USD,2023-12-01,53.99,54.75,53.75,54.61,47177,23351,54.42
US7561091049,10672,O,USD,2023-12-04,54.3,55.67,54.3,55.45,58592,27985,55.261
US7561091049,10672,O,USD,2023-12-05,55.59,55.59,54.75,55.4,54861,23645,55.083
US7561091049,10672,O,USD,2023-12-06,56.48,57.0,54.7,54.8,87398,34326,55.258
US7561091049,10672,O,USD,2023-12-07,54.7,55.18,54.32,55.09,48431,24978,54.804
US7561091049,10672,O,USD,2023-12-08,54.68,54.89,53.56,53.9,52650,24563,53.896
US7561091049,10672,O,USD,2023-12-11,54.05,54.53,53.78,54.4,52229,22755,54.188
US7561091049,10672,O,USD,2023-12-12,54.53,54.63,53.96,54.43,40526,20417,54.437
US7561091049,10672,O,USD,2023-12-13,54.6,56.94,54.48,56.93,70439,33078,56.001
US7561091049,10672,O,USD,2023-12-14,56.97,58.24,56.62,58.0,97324,46381,57.846
US7561091049,10672,O,USD,2023-12-15,58.14,58.38,56.74,57.25,169868,43609,57.239
US7561091049,10672,O,USD,2023-12-18,57.7,57.7,56.49,56.52,70942,33763,56.859
US7561091049,10672,O,USD,2023-12-19,56.74,57.36,56.63,57.12,52925,21488,57.131
US7561091049,10672,O,USD,2023-12-20,57.21,57.72,56.67,56.72,44306,20527,57.154
US7561091049,10672,O,USD,2023-12-21,57.0,57.53,56.57,57.0,46057,24247,56.989
US7561091049,10672,O,USD,2023-12-22,57.0,57.65,56.83,56.87,39961,19942,57.144
US7561091049,10672,O,USD,2023-12-26,57.06,57.74,56.87,57.74,34009,17890,57.448
US7561091049,10672,O,USD,2023-12-27,57.85,58.08,57.58,58.01,43305,19023,57.892
US7561091049,10672,O,USD,2023-12-28,58.09,58.7,57.87,58.7,41222,15855,58.329
US7561091049,10672,O,USD,2023-12-29,58.54,58.74,57.28,57.32,56328,20167,57.591
