ISIN,conId,Symbol,Currency,date,open,high,low,close,volume,barCount,average
US9426222009,13904,WSO,USD,2019-01-02,141.0,141.36,136.58,139.19,6262,1087,139.481
US9426222009,13904,WSO,USD,2019-01-03,138.43,139.5,136.35,137.31,4030,1102,137.918
US9426222009,13904,WSO,USD,2019-01-04,139.2,143.47,139.2,142.89,3772,1217,142.31
US9426222009,13904,WSO,USD,2019-01-07,142.87,144.6,141.59,142.86,4338,1262,143.369
US9426222009,13904,WSO,USD,2019-01-08,144.0,144.8,141.57,143.6,7198,1985,143.296
US9426222009,13904,WSO,USD,2019-01-09,143.6,143.92,140.29,141.24,10475,2863,141.536
US9426222009,13904,WSO,USD,2019-01-10,140.96,144.23,140.11,144.04,4566,1155,143.347
US9426222009,13904,WSO,USD,2019-01-11,144.05,144.3,142.39,143.02,2521,655,143.232
US9426222009,13904,WSO,USD,2019-01-14,142.78,144.32,142.15,142.91,4896,1146,143.409
US9426222009,13904,WSO,USD,2019-01-15,141.15,142.54,139.98,142.06,3929,1084,141.547
US9426222009,13904,WSO,USD,2019-01-16,142.36,144.3,140.28,140.53,6284,1717,141.94
US9426222009,13904,WSO,USD,2019-01-17,140.35,144.18,140.35,143.67,5430,1438,142.967
US9426222009,13904,WSO,USD,2019-01-18,144.69,146.36,143.88,145.83,2904,830,145.487
US9426222009,13904,WSO,USD,2019-01-22,145.2,147.09,143.88,144.38,3606,1060,145.267
US9426222009,13904,WSO,USD,2019-01-23,144.81,146.65,143.24,144.51,3245,976,144.336
US9426222009,13904,WSO,USD,2019-01-24,144.5,146.8,143.59,144.73,3306,764,144.791
US9426222009,13904,WSO,USD,2019-01-25,146.0,147.7,145.77,145.93,2779,867,146.56
US9426222009,13904,WSO,USD,2019-01-28,145.23,147.09,143.61,146.3,3616,1063,145.963
US9426222009,13904,WSO,USD,2019-01-29,147.12,148.27,146.7,147.68,4228,1323,147.536
US9426222009,13904,WSO,USD,2019-01-30,148.85,149.0,144.62,145.28,7445,1745,145.974
US9426222009,13904,WSO,USD,2019-01-31,145.04,147.75,144.36,147.48,4633,1279,146.763
US9426222009,13904,WSO,USD,2019-02-01,147.08,147.91,145.93,147.24,6195,1396,146.939
US9426222009,13904,WSO,USD,2019-02-04,147.17,149.53,146.62,148.8,3284,961,148.466
US9426222009,13904,WSO,USD,2019-02-05,148.41,149.34,147.24,148.51,3486,977,148.326
US9426222009,13904,WSO,USD,2019-02-06,148.26,149.47,145.67,145.94,4605,1409,146.516
US9426222009,13904,WSO,USD,2019-02-07,145.34,147.21,144.67,146.0,3808,1052,145.72
US9426222009,13904,WSO,USD,2019-02-08,145.21,146.48,143.42,145.17,4405,1375,144.421
US9426222009,13904,WSO,USD,2019-02-11,145.59,148.6,145.59,148.46,4059,1226,147.308
US9426222009,13904,WSO,USD,2019-02-12,149.25,152.34,149.25,151.48,4313,1290,151.166
US9426222009,13904,WSO,USD,2019-02-13,152.06,153.49,151.76,152.99,3838,1161,152.852
US9426222009,13904,WSO,USD,2019-02-14,144.06,147.29,141.23,144.0,9676,2833,143.982
US9426222009,13904,WSO,USD,2019-02-15,143.41,146.0,142.44,143.36,5364,1541,143.709
US9426222009,13904,WSO,USD,2019-02-19,143.0,145.17,142.54,144.55,5071,1527,144.216
US9426222009,13904,WSO,USD,2019-02-20,144.52,144.52,140.68,143.08,6028,1702,142.136
US9426222009,13904,WSO,USD,2019-02-21,142.84,143.59,141.74,142.92,4844,1165,142.911
US9426222009,13904,WSO,USD,2019-02-22,143.27,144.76,142.95,144.05,4315,1182,143.991
US9426222009,13904,WSO,USD,2019-02-25,144.72,146.0,143.93,144.71,6120,1716,144.897
US9426222009,13904,WSO,USD,2019-02-26,144.21,145.89,143.36,143.55,2612,727,144.342
US9426222009,13904,WSO,USD,2019-02-27,143.49,144.73,142.99,144.58,2335,698,144.179
US9426222009,13904,WSO,USD,2019-02-28,144.37,146.1,143.36,143.89,4737,1330,144.725
US9426222009,13904,WSO,USD,2019-03-01,145.07,145.61,143.0,144.29,2613,736,144.341
US9426222009,13904,WSO,USD,2019-03-04,144.6,145.04,141.41,141.81,5075,1378,142.313
US9426222009,13904,WSO,USD,2019-03-05,141.92,143.6,140.93,141.08,4536,1339,141.698
US9426222009,13904,WSO,USD,2019-03-06,140.98,143.95,140.41,143.69,7495,2190,142.152
US9426222009,13904,WSO,USD,2019-03-07,143.5,143.61,140.42,141.01,6985,1242,141.318
US9426222009,13904,WSO,USD,2019-03-08,140.15,141.11,139.61,140.43,5949,1120,140.284
US9426222009,13904,WSO,USD,2019-03-11,140.21,140.83,139.84,140.03,8364,2128,140.21
US9426222009,13904,WSO,USD,2019-03-12,140.07,140.42,139.54,140.34,8405,2351,140.015
US9426222009,13904,WSO,USD,2019-03-13,140.66,142.91,140.28,142.23,6303,1568,142.115
US9426222009,13904,WSO,USD,2019-03-14,142.04,142.6,139.64,140.54,3455,968,140.719
US9426222009,13904,WSO,USD,2019-03-15,140.65,141.37,139.19,139.81,8077,983,140.055
US9426222009,13904,WSO,USD,2019-03-18,140.11,143.7,140.02,143.46,8086,1296,143.032
US9426222009,13904,WSO,USD,2019-03-19,144.47,145.32,141.08,144.53,24378,2316,143.878
US9426222009,13904,WSO,USD,2019-03-20,141.69,142.78,140.6,141.45,11083,2746,141.524
US9426222009,13904,WSO,USD,2019-03-21,141.16,142.92,140.52,141.12,17769,4177,141.515
US9426222009,13904,WSO,USD,2019-03-22,141.03,141.09,136.7,137.24,11603,3140,138.354
US9426222009,13904,WSO,USD,2019-03-25,137.2,138.9,136.45,138.62,5377,1291,138.053
US9426222009,13904,WSO,USD,2019-03-26,139.69,140.1,138.02,139.71,5866,1057,139.363
US9426222009,13904,WSO,USD,2019-03-27,139.91,141.67,138.8,141.28,7901,1569,140.423
US9426222009,13904,WSO,USD,2019-03-28,141.72,142.45,139.85,141.86,4042,1344,141.524
US9426222009,13904,WSO,USD,2019-03-29,142.31,143.79,141.12,143.21,5282,1255,142.946
US9426222009,13904,WSO,USD,2019-04-01,143.21,146.01,143.21,145.23,4660,1405,145.187
US9426222009,13904,WSO,USD,2019-04-02,145.17,146.3,144.86,146.22,4476,1222,145.717
US9426222009,13904,WSO,USD,2019-04-03,146.97,147.35,145.44,146.15,6062,1518,146.136
US9426222009,13904,WSO,USD,2019-04-04,146.44,148.92,146.25,148.58,8968,1981,147.851
US9426222009,13904,WSO,USD,2019-04-05,148.79,150.7,148.69,150.11,3697,1166,149.773
US9426222009,13904,WSO,USD,2019-04-08,149.19,150.21,148.25,148.51,5540,1360,148.77
US9426222009,13904,WSO,USD,2019-04-09,147.21,147.81,144.41,144.72,5210,1257,145.597
US9426222009,13904,WSO,USD,2019-04-10,144.5,144.93,141.46,142.5,9249,2042,142.408
US9426222009,13904,WSO,USD,2019-04-11,143.3,145.96,142.91,144.3,9645,2338,143.997
US9426222009,13904,WSO,USD,2019-04-12,143.45,144.75,143.1,144.75,4831,1425,144.165
US9426222009,13904,WSO,USD,2019-04-15,145.17,146.29,144.61,145.92,4569,1275,145.77
US9426222009,13904,WSO,USD,2019-04-16,146.57,148.15,145.48,147.73,5448,1416,147.181
US9426222009,13904,WSO,USD,2019-04-17,148.41,150.69,148.41,150.4,6457,1760,150.122
US9426222009,13904,WSO,USD,2019-04-18,151.1,151.83,150.28,151.33,8820,2054,150.952
US9426222009,13904,WSO,USD,2019-04-22,151.5,151.72,150.27,150.99,7757,2366,150.901
US9426222009,13904,WSO,USD,2019-04-23,147.99,160.49,147.99,156.97,18350,5085,156.808
US9426222009,13904,WSO,USD,2019-04-24,157.5,162.23,157.0,160.0,11655,3193,159.998
US9426222009,13904,WSO,USD,2019-04-25,159.95,160.76,158.13,159.84,9815,2793,159.844
US9426222009,13904,WSO,USD,2019-04-26,160.21,160.76,158.66,159.28,5957,1465,159.399
US9426222009,13904,WSO,USD,2019-04-29,159.58,160.12,158.1,158.26,3754,1140,158.584
US9426222009,13904,WSO,USD,2019-04-30,158.25,159.67,156.15,158.47,3808,1062,157.904
US9426222009,13904,WSO,USD,2019-05-01,159.31,159.31,156.18,156.27,5180,1263,157.229
US9426222009,13904,WSO,USD,2019-05-02,156.36,159.0,156.03,157.89,6029,1510,157.694
US9426222009,13904,WSO,USD,2019-05-03,159.12,160.74,157.83,160.39,3902,988,159.908
US9426222009,13904,WSO,USD,2019-05-06,159.0,160.89,157.96,160.44,5620,1262,160.035
US9426222009,13904,WSO,USD,2019-05-07,158.79,159.18,155.94,157.44,5393,1539,157.034
US9426222009,13904,WSO,USD,2019-05-08,157.62,159.71,156.85,158.67,3394,1045,158.799
US9426222009,13904,WSO,USD,2019-05-09,157.72,159.06,156.68,157.74,3539,1043,157.842
US9426222009,13904,WSO,USD,2019-05-10,157.34,160.23,155.95,159.68,5784,1680,158.264
US9426222009,13904,WSO,USD,2019-05-13,156.59,157.16,153.1,154.39,3903,1103,154.359
US9426222009,13904,WSO,USD,2019-05-14,154.8,156.84,153.51,155.38,3721,790,155.3
US9426222009,13904,WSO,USD,2019-05-15,154.26,157.02,153.4,156.46,2622,672,156.203
US9426222009,13904,WSO,USD,2019-05-16,157.55,159.39,156.93,157.28,3732,899,158.134
US9426222009,13904,WSO,USD,2019-05-17,156.18,158.97,154.99,156.46,3362,876,157.473
US9426222009,13904,WSO,USD,2019-05-20,155.59,157.55,155.06,156.75,2172,654,156.776
US9426222009,13904,WSO,USD,2019-05-21,157.67,159.33,157.37,158.61,2470,685,158.523
US9426222009,13904,WSO,USD,2019-05-22,158.29,160.06,156.89,157.76,3113,872,158.113
US9426222009,13904,WSO,USD,2019-05-23,156.62,157.7,154.67,156.92,3114,914,156.591
US9426222009,13904,WSO,USD,2019-05-24,158.03,158.32,155.68,156.7,3226,703,156.576
US9426222009,13904,WSO,USD,2019-05-28,156.82,157.1,155.28,155.66,3389,907,156.077
US9426222009,13904,WSO,USD,2019-05-29,155.14,156.0,154.33,155.48,2975,688,155.302
US9426222009,13904,WSO,USD,2019-05-30,156.19,159.21,155.23,158.68,5170,1452,158.079
US9426222009,13904,WSO,USD,2019-05-31,156.94,159.04,155.32,157.39,6033,1590,157.543
US9426222009,13904,WSO,USD,2019-06-03,157.63,161.57,156.96,160.69,5253,1329,159.876
US9426222009,13904,WSO,USD,2019-06-04,162.04,166.02,161.04,165.76,4011,1020,164.242
US9426222009,13904,WSO,USD,2019-06-05,166.48,167.98,164.85,166.6,6946,1930,166.885
US9426222009,13904,WSO,USD,2019-06-06,166.78,167.22,165.03,166.36,3094,902,166.151
US9426222009,13904,WSO,USD,2019-06-07,167.04,169.26,166.97,167.72,2637,730,168.045
US9426222009,13904,WSO,USD,2019-06-10,166.89,169.39,165.34,167.62,3350,931,167.98
US9426222009,13904,WSO,USD,2019-06-11,168.0,168.68,164.24,164.38,3259,961,165.386
US9426222009,13904,WSO,USD,2019-06-12,164.87,166.24,164.14,164.92,3757,990,164.891
US9426222009,13904,WSO,USD,2019-06-13,165.76,166.18,164.01,164.5,2191,672,164.672
US9426222009,13904,WSO,USD,2019-06-14,164.29,164.29,161.79,163.44,2325,704,162.993
US9426222009,13904,WSO,USD,2019-06-17,163.34,164.41,161.61,161.77,2808,701,162.364
US9426222009,13904,WSO,USD,2019-06-18,162.64,164.78,161.2,161.61,3729,1031,162.15
US9426222009,13904,WSO,USD,2019-06-19,161.27,161.31,158.59,161.13,5959,1495,160.166
US9426222009,13904,WSO,USD,2019-06-20,162.9,163.26,159.74,161.93,3015,802,161.661
US9426222009,13904,WSO,USD,2019-06-21,161.72,165.97,160.28,164.08,9044,1548,163.641
US9426222009,13904,WSO,USD,2019-06-24,164.37,164.38,161.16,161.55,2796,780,162.309
US9426222009,13904,WSO,USD,2019-06-25,161.79,162.87,159.71,160.84,3300,978,160.916
US9426222009,13904,WSO,USD,2019-06-26,161.71,161.71,158.42,161.04,3984,1162,160.408
US9426222009,13904,WSO,USD,2019-06-27,161.76,163.79,161.25,163.47,3491,1020,163.098
US9426222009,13904,WSO,USD,2019-06-28,163.5,165.73,163.5,163.53,11803,1056,163.74
US9426222009,13904,WSO,USD,2019-07-01,165.33,165.93,162.78,164.36,3743,858,164.17
US9426222009,13904,WSO,USD,2019-07-02,164.57,165.05,162.84,163.85,2204,543,163.762
US9426222009,13904,WSO,USD,2019-07-03,164.87,164.87,162.41,163.87,1119,329,163.825
US9426222009,13904,WSO,USD,2019-07-05,163.43,163.85,161.78,163.73,1186,291,163.373
US9426222009,13904,WSO,USD,2019-07-08,163.69,164.86,162.52,163.23,1704,503,163.428
US9426222009,13904,WSO,USD,2019-07-09,162.52,162.8,160.72,162.74,2009,582,162.013
US9426222009,13904,WSO,USD,2019-07-10,162.52,163.62,161.2,161.92,2392,580,161.839
US9426222009,13904,WSO,USD,2019-07-11,161.28,162.87,160.3,162.58,1813,517,162.019
US9426222009,13904,WSO,USD,2019-07-12,163.32,165.55,162.5,165.55,2554,720,164.403
US9426222009,13904,WSO,USD,2019-07-15,163.36,164.18,161.43,161.55,3444,922,162.387
US9426222009,13904,WSO,USD,2019-07-16,161.5,163.16,160.42,161.96,3288,1036,161.945
US9426222009,13904,WSO,USD,2019-07-17,161.76,161.76,159.16,159.57,5097,1531,159.992
US9426222009,13904,WSO,USD,2019-07-18,159.0,162.08,155.42,157.32,8629,2583,158.307
US9426222009,13904,WSO,USD,2019-07-19,157.49,158.82,154.06,155.25,6824,1948,155.728
US9426222009,13904,WSO,USD,2019-07-22,154.93,157.59,154.93,157.41,4955,1399,156.813
US9426222009,13904,WSO,USD,2019-07-23,157.91,160.6,156.99,160.52,4376,1133,159.617
US9426222009,13904,WSO,USD,2019-07-24,159.91,163.32,157.94,163.25,5350,1332,162.658
US9426222009,13904,WSO,USD,2019-07-25,163.25,164.69,163.06,164.28,4483,1161,163.851
US9426222009,13904,WSO,USD,2019-07-26,164.6,164.8,161.08,161.72,3956,1211,162.413
US9426222009,13904,WSO,USD,2019-07-29,161.76,162.72,160.71,161.71,2573,714,161.61
US9426222009,13904,WSO,USD,2019-07-30,161.36,165.14,161.36,165.05,2636,793,164.338
US9426222009,13904,WSO,USD,2019-07-31,164.43,166.14,161.8,162.62,4806,1152,164.215
US9426222009,13904,WSO,USD,2019-08-01,162.69,163.52,157.02,157.4,3328,877,159.498
US9426222009,13904,WSO,USD,2019-08-02,156.72,160.2,156.09,158.81,3611,980,158.835
US9426222009,13904,WSO,USD,2019-08-05,156.18,157.76,153.12,154.03,4315,1062,154.751
US9426222009,13904,WSO,USD,2019-08-06,155.05,157.27,154.07,156.63,2667,685,156.008
US9426222009,13904,WSO,USD,2019-08-07,154.93,159.5,153.99,159.0,3421,1082,157.298
US9426222009,13904,WSO,USD,2019-08-08,160.1,162.29,160.0,160.33,7897,2063,160.702
US9426222009,13904,WSO,USD,2019-08-09,159.63,161.0,158.93,159.68,2364,726,159.937
US9426222009,13904,WSO,USD,2019-08-12,159.05,159.91,157.4,157.66,1843,560,158.11
US9426222009,13904,WSO,USD,2019-08-13,157.04,161.78,157.04,159.48,2702,780,159.697
US9426222009,13904,WSO,USD,2019-08-14,156.67,157.71,155.56,156.31,2371,766,156.675
US9426222009,13904,WSO,USD,2019-08-15,157.13,157.92,156.0,157.45,2508,873,157.102
US9426222009,13904,WSO,USD,2019-08-16,158.45,160.8,158.45,159.48,10108,1392,159.543
US9426222009,13904,WSO,USD,2019-08-19,160.82,161.49,159.02,160.0,4938,1305,160.04
US9426222009,13904,WSO,USD,2019-08-20,159.79,160.23,158.5,160.18,3666,750,159.808
US9426222009,13904,WSO,USD,2019-08-21,159.6,160.81,157.38,157.51,4705,1344,158.704
US9426222009,13904,WSO,USD,2019-08-22,158.35,159.13,157.35,158.96,3062,768,158.39
US9426222009,13904,WSO,USD,2019-08-23,158.26,159.24,155.07,155.62,3351,871,156.686
US9426222009,13904,WSO,USD,2019-08-26,157.22,158.94,155.05,158.32,3516,1172,157.465
US9426222009,13904,WSO,USD,2019-08-27,159.0,159.39,157.32,157.87,2048,557,157.97
US9426222009,13904,WSO,USD,2019-08-28,157.39,160.36,156.99,159.0,2906,724,159.068
US9426222009,13904,WSO,USD,2019-08-29,160.06,161.99,157.96,161.93,9555,1770,160.285
US9426222009,13904,WSO,USD,2019-08-30,162.62,165.17,161.83,163.55,4031,962,163.658
US9426222009,13904,WSO,USD,2019-09-03,162.34,163.16,160.84,162.07,4046,1181,161.784
US9426222009,13904,WSO,USD,2019-09-04,163.48,164.22,162.47,163.51,3889,843,163.262
US9426222009,13904,WSO,USD,2019-09-05,165.0,168.38,164.44,167.06,4607,1146,167.282
US9426222009,13904,WSO,USD,2019-09-06,166.96,167.94,165.96,166.57,3263,832,166.853
US9426222009,13904,WSO,USD,2019-09-09,167.1,167.66,163.4,165.61,3910,1012,165.269
US9426222009,13904,WSO,USD,2019-09-10,164.62,165.25,161.65,164.94,3531,1002,164.182
US9426222009,13904,WSO,USD,2019-09-11,164.94,167.48,163.84,167.43,5407,1375,165.861
US9426222009,13904,WSO,USD,2019-09-12,168.13,169.55,166.43,169.19,3352,1053,168.441
US9426222009,13904,WSO,USD,2019-09-13,169.92,170.57,168.64,169.88,2684,727,169.813
US9426222009,13904,WSO,USD,2019-09-16,169.15,169.89,167.33,167.89,2524,735,168.26
US9426222009,13904,WSO,USD,2019-09-17,167.6,168.74,165.68,168.39,4716,1192,168.043
US9426222009,13904,WSO,USD,2019-09-18,168.0,168.98,165.97,167.18,5195,1388,167.888
US9426222009,13904,WSO,USD,2019-09-19,167.42,168.11,165.8,165.97,3491,997,166.596
US9426222009,13904,WSO,USD,2019-09-20,165.29,166.96,163.82,164.46,8246,1146,164.926
US9426222009,13904,WSO,USD,2019-09-23,163.54,165.63,163.06,165.21,3414,927,164.772
US9426222009,13904,WSO,USD,2019-09-24,165.13,166.54,164.23,165.17,4883,1590,165.111
US9426222009,13904,WSO,USD,2019-09-25,165.88,166.56,163.53,163.63,3918,951,164.578
US9426222009,13904,WSO,USD,2019-09-26,163.25,167.31,163.25,166.26,4970,1554,165.951
US9426222009,13904,WSO,USD,2019-09-27,167.04,168.06,165.68,166.53,2405,671,166.593
US9426222009,13904,WSO,USD,2019-09-30,166.79,169.34,166.76,169.18,4018,997,168.776
US9426222009,13904,WSO,USD,2019-10-01,169.84,170.09,163.46,164.14,2664,663,165.855
US9426222009,13904,WSO,USD,2019-10-02,162.71,162.71,159.19,161.51,4139,1281,161.223
US9426222009,13904,WSO,USD,2019-10-03,161.09,162.19,158.27,160.28,2132,576,159.976
US9426222009,13904,WSO,USD,2019-10-04,160.3,164.25,160.3,164.07,3668,1046,163.394
US9426222009,13904,WSO,USD,2019-10-07,163.69,165.21,163.16,164.49,4401,1270,164.362
US9426222009,13904,WSO,USD,2019-10-08,163.31,166.3,162.23,165.0,4552,1304,164.883
US9426222009,13904,WSO,USD,2019-10-09,166.12,166.56,164.14,165.72,3529,966,165.447
US9426222009,13904,WSO,USD,2019-10-10,165.74,168.46,165.74,167.98,5135,1376,167.733
US9426222009,13904,WSO,USD,2019-10-11,168.54,172.85,168.54,169.41,5221,1188,170.786
US9426222009,13904,WSO,USD,2019-10-14,168.43,169.31,167.68,168.77,2776,604,168.591
US9426222009,13904,WSO,USD,2019-10-15,169.06,169.64,166.37,166.74,4827,1500,167.372
US9426222009,13904,WSO,USD,2019-10-16,166.18,167.86,165.05,165.51,5444,1496,165.892
US9426222009,13904,WSO,USD,2019-10-17,170.03,176.64,168.5,174.83,12621,3687,172.491
US9426222009,13904,WSO,USD,2019-10-18,174.72,175.31,171.86,173.3,5209,1388,173.095
US9426222009,13904,WSO,USD,2019-10-21,172.76,176.49,172.76,174.53,4326,1254,175.038
US9426222009,13904,WSO,USD,2019-10-22,174.56,178.29,173.21,176.98,3663,941,176.786
US9426222009,13904,WSO,USD,2019-10-23,176.25,177.23,175.15,176.72,2739,727,176.445
US9426222009,13904,WSO,USD,2019-10-24,176.97,178.15,174.25,175.17,2963,891,175.107
US9426222009,13904,WSO,USD,2019-10-25,174.35,176.46,174.35,175.9,2355,625,175.689
US9426222009,13904,WSO,USD,2019-10-28,176.55,177.4,175.0,175.27,2382,643,175.655
US9426222009,13904,WSO,USD,2019-10-29,175.0,176.84,173.64,176.41,2146,634,176.282
US9426222009,13904,WSO,USD,2019-10-30,176.53,177.01,174.01,176.22,1996,589,175.804
US9426222009,13904,WSO,USD,2019-10-31,175.44,177.0,173.9,176.3,3723,1025,176.163
US9426222009,13904,WSO,USD,2019-11-01,177.32,179.01,176.7,178.78,1818,530,178.176
US9426222009,13904,WSO,USD,2019-11-04,179.13,180.0,177.91,178.51,1992,508,178.557
US9426222009,13904,WSO,USD,2019-11-05,179.18,180.69,178.24,178.47,1857,603,178.963
US9426222009,13904,WSO,USD,2019-11-06,177.81,178.87,177.04,178.7,2510,647,178.225
US9426222009,13904,WSO,USD,2019-11-07,180.0,180.0,176.89,177.39,1253,351,177.887
US9426222009,13904,WSO,USD,2019-11-08,177.48,178.34,176.89,177.77,1522,435,177.752
US9426222009,13904,WSO,USD,2019-11-11,176.68,178.0,176.68,177.08,2357,670,177.177
US9426222009,13904,WSO,USD,2019-11-12,177.41,177.82,175.85,177.52,5164,1170,176.88
US9426222009,13904,WSO,USD,2019-11-13,176.78,179.98,176.61,178.4,2081,587,178.082
US9426222009,13904,WSO,USD,2019-11-14,178.06,178.73,176.8,177.8,1404,376,177.894
US9426222009,13904,WSO,USD,2019-11-15,178.47,179.86,177.14,179.62,3381,658,179.157
US9426222009,13904,WSO,USD,2019-11-18,179.21,180.13,177.52,179.94,4211,474,179.519
US9426222009,13904,WSO,USD,2019-11-19,180.45,181.57,178.15,178.56,2484,658,179.321
US9426222009,13904,WSO,USD,2019-11-20,177.58,179.89,176.84,177.71,3629,958,177.843
US9426222009,13904,WSO,USD,2019-11-21,177.71,178.28,176.09,177.41,1863,545,177.449
US9426222009,13904,WSO,USD,2019-11-22,177.54,178.43,176.47,177.68,1294,353,177.647
US9426222009,13904,WSO,USD,2019-11-25,177.99,179.55,177.19,178.52,2329,735,178.748
US9426222009,13904,WSO,USD,2019-11-26,178.62,180.03,178.39,179.76,1918,470,179.384
US9426222009,13904,WSO,USD,2019-11-27,179.83,180.34,178.86,179.96,2547,511,179.728
US9426222009,13904,WSO,USD,2019-11-29,179.98,180.41,177.79,177.97,1051,284,178.621
US9426222009,13904,WSO,USD,2019-12-02,178.13,180.47,176.11,176.25,2216,592,176.688
US9426222009,13904,WSO,USD,2019-12-03,175.05,177.14,175.05,176.96,2679,839,176.301
US9426222009,13904,WSO,USD,2019-12-04,177.54,179.16,177.25,178.34,3162,714,178.475
US9426222009,13904,WSO,USD,2019-12-05,179.21,180.9,178.39,179.78,2996,796,179.593
US9426222009,13904,WSO,USD,2019-12-06,181.58,182.52,181.3,181.68,2836,763,181.954
US9426222009,13904,WSO,USD,2019-12-09,180.58,181.32,179.18,180.07,1814,477,180.184
US9426222009,13904,WSO,USD,2019-12-10,180.08,180.4,178.75,178.77,1218,333,179.289
US9426222009,13904,WSO,USD,2019-12-11,179.19,179.85,178.86,179.44,1716,464,179.42
US9426222009,13904,WSO,USD,2019-12-12,179.34,181.55,178.44,180.75,2572,743,180.618
US9426222009,13904,WSO,USD,2019-12-13,180.33,181.21,177.9,178.77,2341,716,178.825
US9426222009,13904,WSO,USD,2019-12-16,179.55,180.14,178.24,179.24,2224,527,179.165
US9426222009,13904,WSO,USD,2019-12-17,179.94,181.28,178.54,180.51,2054,515,180.316
US9426222009,13904,WSO,USD,2019-12-18,180.67,181.24,177.84,178.22,2469,605,178.533
US9426222009,13904,WSO,USD,2019-12-19,178.58,179.35,177.9,178.91,1685,458,178.894
US9426222009,13904,WSO,USD,2019-12-20,179.98,181.13,179.19,179.94,6207,762,179.977
US9426222009,13904,WSO,USD,2019-12-23,181.0,182.81,180.16,181.75,1753,486,181.769
US9426222009,13904,WSO,USD,2019-12-24,181.89,182.79,181.02,181.84,1007,262,181.919
US9426222009,13904,WSO,USD,2019-12-26,182.18,182.34,181.16,181.94,1175,231,181.758
US9426222009,13904,WSO,USD,2019-12-27,182.79,183.0,180.45,180.73,1334,393,181.001
US9426222009,13904,WSO,USD,2019-12-30,180.97,181.39,180.35,180.61,1188,266,180.718
US9426222009,13904,WSO,USD,2019-12-31,180.68,181.93,179.91,180.15,2149,455,180.355
US9426222009,13904,WSO,USD,2020-01-02,181.09,181.75,177.65,179.31,2328,661,179.034
US9426222009,13904,WSO,USD,2020-01-03,178.24,179.65,177.28,179.29,2206,602,178.904
US9426222009,13904,WSO,USD,2020-01-06,178.74,178.97,177.7,178.5,1738,436,178.361
US9426222009,13904,WSO,USD,2020-01-07,178.31,178.31,175.4,175.4,3556,1063,176.354
US9426222009,13904,WSO,USD,2020-01-08,177.27,177.99,174.91,175.1,2338,636,175.881
US9426222009,13904,WSO,USD,2020-01-09,175.8,176.88,175.38,175.8,2891,792,175.918
US9426222009,13904,WSO,USD,2020-01-10,176.04,177.2,174.98,175.12,3395,986,175.625
US9426222009,13904,WSO,USD,2020-01-13,175.77,176.75,175.38,176.33,2670,779,176.173
US9426222009,13904,WSO,USD,2020-01-14,176.27,177.34,175.78,176.55,5336,1607,176.479
US9426222009,13904,WSO,USD,2020-01-15,174.42,175.82,174.18,175.41,3804,1075,175.202
US9426222009,13904,WSO,USD,2020-01-16,176.01,177.77,175.32,176.0,3061,831,176.117
US9426222009,13904,WSO,USD,2020-01-17,176.34,177.21,174.52,175.13,3390,893,175.404
US9426222009,13904,WSO,USD,2020-01-21,174.92,178.2,174.92,176.7,4416,1187,177.023
US9426222009,13904,WSO,USD,2020-01-22,177.91,178.59,176.98,177.31,3463,864,177.632
US9426222009,13904,WSO,USD,2020-01-23,177.13,178.94,175.85,178.49,2469,571,178.25
US9426222009,13904,WSO,USD,2020-01-24,178.79,178.87,176.54,178.09,2244,598,177.916
US9426222009,13904,WSO,USD,2020-01-27,176.2,178.71,175.57,177.29,1919,548,177.646
US9426222009,13904,WSO,USD,2020-01-28,177.71,178.95,176.57,178.83,2313,602,178.212
US9426222009,13904,WSO,USD,2020-01-29,179.03,181.25,178.84,179.1,2376,596,179.576
US9426222009,13904,WSO,USD,2020-01-30,178.09,179.16,176.29,177.83,1683,495,177.623
US9426222009,13904,WSO,USD,2020-01-31,177.26,177.49,173.48,173.92,2064,516,174.271
US9426222009,13904,WSO,USD,2020-02-03,175.12,177.47,174.84,175.3,2764,724,175.788
US9426222009,13904,WSO,USD,2020-02-04,175.33,178.18,175.33,175.81,1980,599,176.575
US9426222009,13904,WSO,USD,2020-02-05,177.15,180.06,177.15,178.65,2182,655,178.479
US9426222009,13904,WSO,USD,2020-02-06,179.07,179.84,175.48,176.39,3060,926,176.69
US9426222009,13904,WSO,USD,2020-02-07,175.0,175.0,171.89,172.77,3531,792,172.876
US9426222009,13904,WSO,USD,2020-02-10,172.62,173.54,170.83,171.29,3454,839,171.42
US9426222009,13904,WSO,USD,2020-02-11,172.1,173.74,171.6,173.38,4985,1585,173.174
US9426222009,13904,WSO,USD,2020-02-12,173.97,174.52,171.98,174.52,3565,844,173.611
US9426222009,13904,WSO,USD,2020-02-13,170.11,175.61,168.11,174.2,11507,2316,173.551
US9426222009,13904,WSO,USD,2020-02-14,175.21,175.65,171.55,172.32,6142,1567,172.781
US9426222009,13904,WSO,USD,2020-02-18,171.82,172.92,170.14,170.56,5013,1422,170.908
US9426222009,13904,WSO,USD,2020-02-19,170.68,171.98,169.68,169.95,3187,927,170.663
US9426222009,13904,WSO,USD,2020-02-20,169.93,172.17,169.9,170.53,3413,1029,170.897
US9426222009,13904,WSO,USD,2020-02-21,169.45,170.23,167.99,168.47,4296,1047,168.841
US9426222009,13904,WSO,USD,2020-02-24,165.0,166.77,163.97,165.62,3216,894,165.694
US9426222009,13904,WSO,USD,2020-02-25,166.05,166.94,159.44,160.79,4421,1206,161.95
US9426222009,13904,WSO,USD,2020-02-26,162.54,164.63,161.33,162.5,4078,962,162.69
US9426222009,13904,WSO,USD,2020-02-27,162.5,166.61,159.62,160.81,8244,1983,162.212
US9426222009,13904,WSO,USD,2020-02-28,157.33,159.7,154.51,156.98,7318,1872,156.828
US9426222009,13904,WSO,USD,2020-03-02,157.62,164.6,156.13,164.3,8102,2055,161.793
US9426222009,13904,WSO,USD,2020-03-03,164.23,167.97,162.32,164.42,7381,1888,164.263
US9426222009,13904,WSO,USD,2020-03-04,166.72,180.49,166.54,177.7,12546,3750,175.154
US9426222009,13904,WSO,USD,2020-03-05,173.59,181.2,170.56,180.13,10518,3163,176.855
US9426222009,13904,WSO,USD,2020-03-06,175.08,182.04,173.44,181.03,11443,2984,178.322
US9426222009,13904,WSO,USD,2020-03-09,170.9,184.52,166.68,182.86,10646,3228,178.224
US9426222009,13904,WSO,USD,2020-03-10,185.74,186.87,166.73,172.0,13918,3475,174.606
US9426222009,13904,WSO,USD,2020-03-11,168.59,171.71,164.63,164.89,8100,2571,167.172
US9426222009,13904,WSO,USD,2020-03-12,158.16,158.16,144.09,153.95,9445,2689,150.242
US9426222009,13904,WSO,USD,2020-03-13,159.61,164.05,153.56,162.58,8680,2549,159.086
US9426222009,13904,WSO,USD,2020-03-16,142.0,162.81,142.0,155.66,6519,1912,156.643
US9426222009,13904,WSO,USD,2020-03-17,157.56,168.33,154.94,161.76,8618,2623,161.258
US9426222009,13904,WSO,USD,2020-03-18,155.0,160.0,148.98,159.61,5958,1702,155.496
US9426222009,13904,WSO,USD,2020-03-19,159.03,170.89,151.64,162.48,7798,2245,159.934
US9426222009,13904,WSO,USD,2020-03-20,161.38,164.03,142.4,145.71,7508,1827,152.746
US9426222009,13904,WSO,USD,2020-03-23,145.0,147.15,135.27,138.42,6064,1868,139.975
US9426222009,13904,WSO,USD,2020-03-24,142.38,144.16,135.74,141.26,6051,1912,139.77
US9426222009,13904,WSO,USD,2020-03-25,141.57,154.98,132.97,141.49,14210,3789,143.439
US9426222009,13904,WSO,USD,2020-03-26,141.98,149.91,141.24,149.87,4957,1407,146.494
US9426222009,13904,WSO,USD,2020-03-27,147.79,153.5,143.83,148.2,5071,1401,149.556
US9426222009,13904,WSO,USD,2020-03-30,148.18,156.85,147.29,155.82,3288,992,154.044
US9426222009,13904,WSO,USD,2020-03-31,154.05,158.72,150.28,158.03,4672,1061,156.631
US9426222009,13904,WSO,USD,2020-04-01,153.49,158.59,152.92,157.97,5424,1549,156.557
US9426222009,13904,WSO,USD,2020-04-02,157.97,160.36,154.99,158.18,4282,1188,157.979
US9426222009,13904,WSO,USD,2020-04-03,156.27,158.43,145.69,147.32,5778,1736,148.821
US9426222009,13904,WSO,USD,2020-04-06,151.11,156.57,150.29,153.51,7399,1833,153.927
US9426222009,13904,WSO,USD,2020-04-07,154.72,158.1,151.35,151.35,6624,2002,153.904
US9426222009,13904,WSO,USD,2020-04-08,152.19,158.99,148.27,157.36,6424,1489,155.863
US9426222009,13904,WSO,USD,2020-04-09,159.22,162.54,157.04,161.48,3930,894,160.579
US9426222009,13904,WSO,USD,2020-04-13,160.82,161.9,152.54,154.0,5437,1151,154.575
US9426222009,13904,WSO,USD,2020-04-14,155.52,157.94,154.12,154.87,6197,1163,155.613
US9426222009,13904,WSO,USD,2020-04-15,152.01,159.41,150.57,157.0,6349,1726,156.022
US9426222009,13904,WSO,USD,2020-04-16,156.28,159.02,151.78,152.55,4875,1144,153.513
US9426222009,13904,WSO,USD,2020-04-17,157.22,158.45,153.37,154.26,3280,895,154.839
US9426222009,13904,WSO,USD,2020-04-20,152.19,152.65,147.19,147.77,4495,1247,149.0
US9426222009,13904,WSO,USD,2020-04-21,145.82,148.04,144.17,145.45,5602,1587,145.995
US9426222009,13904,WSO,USD,2020-04-22,148.22,150.65,147.52,149.18,6945,1789,149.274
US9426222009,13904,WSO,USD,2020-04-23,149.0,156.7,144.16,151.51,10291,2970,152.762
US9426222009,13904,WSO,USD,2020-04-24,152.86,162.21,151.13,160.5,8649,1999,159.614
US9426222009,13904,WSO,USD,2020-04-27,162.25,162.88,156.19,161.91,6292,1900,159.966
US9426222009,13904,WSO,USD,2020-04-28,164.33,167.98,164.07,164.75,2308,631,165.224
US9426222009,13904,WSO,USD,2020-04-29,167.15,168.67,162.58,163.25,3189,930,163.962
US9426222009,13904,WSO,USD,2020-04-30,160.89,163.16,158.22,160.99,3198,831,160.94
US9426222009,13904,WSO,USD,2020-05-01,158.84,159.97,156.74,159.53,3127,950,159.013
US9426222009,13904,WSO,USD,2020-05-04,158.26,158.26,155.59,157.06,4381,1219,156.651
US9426222009,13904,WSO,USD,2020-05-05,159.08,164.59,158.54,163.02,3342,1043,162.919
US9426222009,13904,WSO,USD,2020-05-06,164.26,164.99,161.71,161.94,3979,1082,163.108
US9426222009,13904,WSO,USD,2020-05-07,163.62,165.76,159.83,159.93,2615,691,160.915
US9426222009,13904,WSO,USD,2020-05-08,161.24,164.42,160.92,162.52,2321,652,162.52
US9426222009,13904,WSO,USD,2020-05-11,161.22,164.84,160.6,163.92,4094,828,163.91
US9426222009,13904,WSO,USD,2020-05-12,163.84,163.98,157.52,157.6,2484,661,159.7
US9426222009,13904,WSO,USD,2020-05-13,156.88,157.31,152.84,154.17,2887,826,154.392
US9426222009,13904,WSO,USD,2020-05-14,152.63,155.48,150.09,155.48,3001,886,154.024
US9426222009,13904,WSO,USD,2020-05-15,155.31,160.28,154.66,158.13,3468,666,158.077
US9426222009,13904,WSO,USD,2020-05-18,161.14,164.0,160.94,162.94,3591,1049,162.787
US9426222009,13904,WSO,USD,2020-05-19,162.29,165.26,160.39,160.61,2633,788,162.872
US9426222009,13904,WSO,USD,2020-05-20,162.34,165.37,161.49,165.15,2290,638,164.602
US9426222009,13904,WSO,USD,2020-05-21,165.57,167.34,162.99,165.71,4631,1117,165.891
US9426222009,13904,WSO,USD,2020-05-22,166.66,166.66,163.25,165.73,1746,451,165.113
US9426222009,13904,WSO,USD,2020-05-26,168.92,172.75,168.92,170.47,3889,1198,170.891
US9426222009,13904,WSO,USD,2020-05-27,172.31,174.89,170.64,174.51,4108,1211,173.036
US9426222009,13904,WSO,USD,2020-05-28,175.5,177.7,173.6,176.58,2400,847,176.429
US9426222009,13904,WSO,USD,2020-05-29,176.76,178.23,174.33,177.64,2014,684,176.756
US9426222009,13904,WSO,USD,2020-06-01,176.86,178.57,175.01,175.07,2708,713,176.339
US9426222009,13904,WSO,USD,2020-06-02,176.08,177.8,175.03,177.69,3369,820,176.733
US9426222009,13904,WSO,USD,2020-06-03,179.45,180.32,177.86,178.92,2801,844,179.149
US9426222009,13904,WSO,USD,2020-06-04,178.24,179.33,176.9,177.63,2912,760,177.9
US9426222009,13904,WSO,USD,2020-06-05,180.65,180.95,176.47,177.36,4741,1438,178.171
US9426222009,13904,WSO,USD,2020-06-08,177.36,180.91,176.62,178.49,7597,2274,178.674
US9426222009,13904,WSO,USD,2020-06-09,177.26,182.51,176.5,181.56,2935,805,180.106
US9426222009,13904,WSO,USD,2020-06-10,181.96,182.9,178.1,180.92,3708,972,180.426
US9426222009,13904,WSO,USD,2020-06-11,178.07,178.07,174.12,174.96,4135,1196,175.392
US9426222009,13904,WSO,USD,2020-06-12,179.79,180.0,169.8,172.53,2972,743,173.528
US9426222009,13904,WSO,USD,2020-06-15,169.26,178.73,168.33,177.28,3672,940,176.009
US9426222009,13904,WSO,USD,2020-06-16,180.92,182.35,178.49,180.91,2651,683,180.864
US9426222009,13904,WSO,USD,2020-06-17,182.3,182.92,179.46,180.34,2761,732,181.202
US9426222009,13904,WSO,USD,2020-06-18,178.37,180.71,178.16,179.05,2201,535,179.193
US9426222009,13904,WSO,USD,2020-06-19,180.14,180.81,176.31,178.31,9714,1342,178.235
US9426222009,13904,WSO,USD,2020-06-22,177.35,178.36,173.94,175.75,3252,1049,176.272
US9426222009,13904,WSO,USD,2020-06-23,177.54,178.02,173.87,174.19,3169,986,175.366
US9426222009,13904,WSO,USD,2020-06-24,173.4,174.5,170.41,170.56,3581,1041,172.424
US9426222009,13904,WSO,USD,2020-06-25,170.15,171.58,167.79,171.12,3682,1012,169.952
US9426222009,13904,WSO,USD,2020-06-26,171.26,173.76,170.51,173.19,11965,2413,172.313
US9426222009,13904,WSO,USD,2020-06-29,174.11,174.78,172.04,174.27,3165,849,173.756
US9426222009,13904,WSO,USD,2020-06-30,174.17,178.4,174.17,177.7,2455,506,177.138
US9426222009,13904,WSO,USD,2020-07-01,177.7,180.14,176.4,179.0,3050,716,178.449
US9426222009,13904,WSO,USD,2020-07-02,179.49,181.31,178.37,179.69,1545,372,179.881
US9426222009,13904,WSO,USD,2020-07-06,182.0,182.0,179.38,180.69,2176,616,180.516
US9426222009,13904,WSO,USD,2020-07-07,179.88,184.24,179.88,182.77,2011,493,182.904
US9426222009,13904,WSO,USD,2020-07-08,183.11,185.14,182.52,184.08,2724,799,183.907
US9426222009,13904,WSO,USD,2020-07-09,184.74,186.59,184.08,185.29,4736,1049,185.226
US9426222009,13904,WSO,USD,2020-07-10,185.44,185.44,182.35,184.09,2394,634,183.892
US9426222009,13904,WSO,USD,2020-07-13,184.79,188.79,184.25,185.02,3822,1029,186.059
US9426222009,13904,WSO,USD,2020-07-14,184.57,190.31,184.57,190.21,5876,880,189.32
US9426222009,13904,WSO,USD,2020-07-15,190.02,191.6,186.21,191.34,2739,718,190.332
US9426222009,13904,WSO,USD,2020-07-16,191.9,193.77,190.74,193.35,2936,843,192.922
US9426222009,13904,WSO,USD,2020-07-17,194.03,195.55,192.87,193.98,5166,580,193.853
US9426222009,13904,WSO,USD,2020-07-20,193.72,194.95,191.72,194.34,2949,941,193.72
US9426222009,13904,WSO,USD,2020-07-21,195.0,196.53,193.96,196.01,3160,1015,195.549
US9426222009,13904,WSO,USD,2020-07-22,196.05,198.69,195.97,197.24,3893,1076,197.483
US9426222009,13904,WSO,USD,2020-07-23,218.26,232.3,212.17,230.0,26164,5891,227.672
US9426222009,13904,WSO,USD,2020-07-24,228.44,231.26,225.78,227.32,5973,1828,228.426
US9426222009,13904,WSO,USD,2020-07-27,226.99,230.23,225.66,228.56,5310,1649,227.908
US9426222009,13904,WSO,USD,2020-07-28,227.28,229.87,225.41,226.85,4723,1089,226.849
US9426222009,13904,WSO,USD,2020-07-29,226.46,235.29,226.45,234.59,4340,923,233.906
US9426222009,13904,WSO,USD,2020-07-30,232.78,235.22,231.24,234.1,3580,914,234.043
US9426222009,13904,WSO,USD,2020-07-31,233.99,236.23,232.44,236.07,2702,505,235.02
US9426222009,13904,WSO,USD,2020-08-03,236.72,237.87,233.77,237.45,2523,735,236.531
US9426222009,13904,WSO,USD,2020-08-04,236.65,238.79,233.12,233.39,4359,1386,234.403
US9426222009,13904,WSO,USD,2020-08-05,233.45,238.02,232.51,237.07,2481,728,236.2
US9426222009,13904,WSO,USD,2020-08-06,236.89,238.11,230.64,233.58,3110,943,233.283
US9426222009,13904,WSO,USD,2020-08-07,235.55,237.71,234.69,237.53,1495,423,236.869
US9426222009,13904,WSO,USD,2020-08-10,237.62,240.58,236.46,239.23,1610,459,239.482
US9426222009,13904,WSO,USD,2020-08-11,241.02,241.02,236.78,236.98,2907,814,238.265
US9426222009,13904,WSO,USD,2020-08-12,234.38,240.4,234.21,238.86,3857,1151,238.198
US9426222009,13904,WSO,USD,2020-08-13,238.0,240.54,236.79,239.27,3927,1126,239.186
US9426222009,13904,WSO,USD,2020-08-14,239.06,240.47,237.33,238.17,9025,1759,238.639
US9426222009,13904,WSO,USD,2020-08-17,239.38,244.57,237.89,242.8,3442,924,242.653
US9426222009,13904,WSO,USD,2020-08-18,242.69,244.71,240.88,241.04,3013,885,242.633
US9426222009,13904,WSO,USD,2020-08-19,242.25,243.14,239.52,240.54,3693,1107,240.857
US9426222009,13904,WSO,USD,2020-08-20,240.54,242.01,238.6,240.6,2377,479,240.391
US9426222009,13904,WSO,USD,2020-08-21,240.01,241.41,238.11,240.36,3937,585,240.293
US9426222009,13904,WSO,USD,2020-08-24,240.92,243.89,240.02,243.35,2099,545,242.399
US9426222009,13904,WSO,USD,2020-08-25,243.34,245.89,242.27,244.22,2434,566,244.155
US9426222009,13904,WSO,USD,2020-08-26,244.73,246.43,243.42,245.15,2650,739,245.089
US9426222009,13904,WSO,USD,2020-08-27,246.47,246.47,242.7,244.07,2180,540,244.216
US9426222009,13904,WSO,USD,2020-08-28,244.74,247.14,243.42,246.35,7571,541,246.163
US9426222009,13904,WSO,USD,2020-08-31,247.74,248.83,244.89,244.99,2864,760,246.203
US9426222009,13904,WSO,USD,2020-09-01,244.99,247.68,242.88,247.53,1878,452,246.404
US9426222009,13904,WSO,USD,2020-09-02,247.67,249.3,244.7,248.65,1966,497,247.779
US9426222009,13904,WSO,USD,2020-09-03,248.45,248.45,239.96,240.61,3179,754,241.793
US9426222009,13904,WSO,USD,2020-09-04,241.62,241.99,234.76,238.31,2298,585,238.04
US9426222009,13904,WSO,USD,2020-09-08,237.17,237.17,230.0,230.0,3439,923,232.0
US9426222009,13904,WSO,USD,2020-09-09,233.42,238.31,233.18,236.87,2562,694,236.932
US9426222009,13904,WSO,USD,2020-09-10,236.13,238.34,231.64,232.34,2226,613,234.217
US9426222009,13904,WSO,USD,2020-09-11,234.2,235.99,231.8,233.75,2400,653,233.52
US9426222009,13904,WSO,USD,2020-09-14,235.09,238.19,233.36,237.51,1725,435,236.897
US9426222009,13904,WSO,USD,2020-09-15,237.88,237.91,235.55,236.25,2053,644,236.623
US9426222009,13904,WSO,USD,2020-09-16,237.86,239.39,234.7,237.54,3714,684,236.037
US9426222009,13904,WSO,USD,2020-09-17,233.77,237.64,232.7,237.22,2610,607,236.173
US9426222009,13904,WSO,USD,2020-09-18,238.0,239.05,232.36,234.5,10019,566,234.842
US9426222009,13904,WSO,USD,2020-09-21,231.81,233.3,226.44,230.29,4165,792,229.036
US9426222009,13904,WSO,USD,2020-09-22,230.23,232.23,227.93,231.7,4255,921,230.407
US9426222009,13904,WSO,USD,2020-09-23,231.64,234.4,229.1,229.32,2876,676,230.524
US9426222009,13904,WSO,USD,2020-09-24,229.29,232.08,228.25,231.85,1997,458,229.696
US9426222009,13904,WSO,USD,2020-09-25,229.33,232.12,228.63,229.44,1916,564,229.928
US9426222009,13904,WSO,USD,2020-09-28,231.03,235.11,231.03,233.49,1373,349,233.692
US9426222009,13904,WSO,USD,2020-09-29,234.32,235.11,228.88,232.38,5048,1000,231.969
US9426222009,13904,WSO,USD,2020-09-30,233.48,236.28,231.3,232.89,2995,676,233.44
US9426222009,13904,WSO,USD,2020-10-01,234.3,234.31,231.04,232.08,1374,308,232.424
US9426222009,13904,WSO,USD,2020-10-02,229.9,232.92,229.9,231.0,2013,552,231.367
US9426222009,13904,WSO,USD,2020-10-05,232.23,235.75,231.94,233.72,2416,547,233.517
US9426222009,13904,WSO,USD,2020-10-06,233.66,236.82,231.0,232.41,2685,622,232.981
US9426222009,13904,WSO,USD,2020-10-07,234.52,239.02,232.43,236.81,3839,924,236.98
US9426222009,13904,WSO,USD,2020-10-08,238.32,238.75,235.22,236.48,1410,343,236.782
US9426222009,13904,WSO,USD,2020-10-09,236.7,239.1,236.31,237.15,2230,558,237.479
US9426222009,13904,WSO,USD,2020-10-12,238.15,240.2,237.36,238.83,1496,359,238.768
US9426222009,13904,WSO,USD,2020-10-13,239.0,239.35,236.8,237.62,2156,544,237.497
US9426222009,13904,WSO,USD,2020-10-14,235.0,238.84,234.93,237.96,2184,618,237.236
US9426222009,13904,WSO,USD,2020-10-15,236.07,239.81,235.83,239.16,1970,533,238.472
US9426222009,13904,WSO,USD,2020-10-16,239.16,242.53,238.88,239.84,1820,392,240.258
US9426222009,13904,WSO,USD,2020-10-19,240.65,241.22,232.05,232.22,3054,754,235.308
US9426222009,13904,WSO,USD,2020-10-20,233.06,234.3,229.26,229.9,2275,615,231.445
US9426222009,13904,WSO,USD,2020-10-21,230.22,233.32,226.94,227.57,2962,823,228.75
US9426222009,13904,WSO,USD,2020-10-22,229.19,236.69,225.12,227.97,5840,1303,229.488
US9426222009,13904,WSO,USD,2020-10-23,229.87,236.76,228.15,235.42,3213,944,234.07
US9426222009,13904,WSO,USD,2020-10-26,233.21,234.84,226.55,227.82,2904,790,228.39
US9426222009,13904,WSO,USD,2020-10-27,228.0,229.35,226.26,227.02,1828,477,227.496
US9426222009,13904,WSO,USD,2020-10-28,223.66,227.46,222.58,225.11,2165,708,224.879
US9426222009,13904,WSO,USD,2020-10-29,224.51,229.12,221.7,226.47,2194,609,226.43
US9426222009,13904,WSO,USD,2020-10-30,225.67,226.18,220.8,224.14,2455,741,223.939
US9426222009,13904,WSO,USD,2020-11-02,225.89,229.35,225.26,228.93,2248,475,228.332
US9426222009,13904,WSO,USD,2020-11-03,232.15,235.01,231.23,233.64,2025,447,233.494
US9426222009,13904,WSO,USD,2020-11-04,233.82,235.87,230.03,234.08,1397,304,234.33
US9426222009,13904,WSO,USD,2020-11-05,237.03,238.34,234.67,234.76,1209,263,235.641
US9426222009,13904,WSO,USD,2020-11-06,235.81,242.22,235.81,242.04,2021,526,240.944
US9426222009,13904,WSO,USD,2020-11-09,248.46,248.98,223.78,223.79,4388,1135,229.62
US9426222009,13904,WSO,USD,2020-11-10,225.22,230.0,221.98,228.68,3406,1156,227.707
US9426222009,13904,WSO,USD,2020-11-11,229.46,234.12,225.63,233.15,2261,647,231.939
US9426222009,13904,WSO,USD,2020-11-12,232.18,234.81,231.95,234.14,2449,628,233.839
US9426222009,13904,WSO,USD,2020-11-13,235.78,237.96,229.94,231.41,2718,838,232.015
US9426222009,13904,WSO,USD,2020-11-16,233.47,237.55,229.84,235.81,3505,867,233.976
US9426222009,13904,WSO,USD,2020-11-17,235.12,236.99,232.01,233.5,3779,611,233.499
US9426222009,13904,WSO,USD,2020-11-18,233.16,235.1,232.12,232.37,1395,345,232.945
US9426222009,13904,WSO,USD,2020-11-19,231.92,235.69,230.04,234.67,1027,255,233.691
US9426222009,13904,WSO,USD,2020-11-20,234.99,234.99,230.89,232.15,1624,322,232.334
US9426222009,13904,WSO,USD,2020-11-23,233.63,237.36,233.09,235.77,1266,319,235.536
US9426222009,13904,WSO,USD,2020-11-24,236.1,237.0,226.29,227.57,4043,996,229.291
US9426222009,13904,WSO,USD,2020-11-25,229.04,229.04,222.49,223.75,3265,766,223.995
US9426222009,13904,WSO,USD,2020-11-27,223.52,224.84,221.04,223.09,2425,635,222.436
US9426222009,13904,WSO,USD,2020-11-30,222.85,229.24,222.85,227.36,4307,849,227.277
US9426222009,13904,WSO,USD,2020-12-01,228.45,229.29,225.63,226.21,2296,469,226.624
US9426222009,13904,WSO,USD,2020-12-02,226.31,226.9,219.45,221.53,1718,391,221.408
US9426222009,13904,WSO,USD,2020-12-03,221.92,224.08,217.1,217.98,3890,950,219.356
US9426222009,13904,WSO,USD,2020-12-04,218.02,219.5,216.25,218.48,3763,898,218.319
US9426222009,13904,WSO,USD,2020-12-07,218.74,221.94,218.13,220.08,1818,520,220.364
US9426222009,13904,WSO,USD,2020-12-08,219.16,226.66,217.79,223.1,2262,537,223.33
US9426222009,13904,WSO,USD,2020-12-09,224.29,225.17,221.42,222.43,2723,726,222.681
US9426222009,13904,WSO,USD,2020-12-10,221.58,222.77,217.01,217.96,2274,540,218.296
US9426222009,13904,WSO,USD,2020-12-11,217.72,221.14,217.72,219.66,2270,591,219.672
US9426222009,13904,WSO,USD,2020-12-14,221.54,222.59,219.65,219.75,2440,551,220.934
US9426222009,13904,WSO,USD,2020-12-15,221.07,225.28,219.87,224.52,2139,507,223.573
US9426222009,13904,WSO,USD,2020-12-16,225.85,228.83,224.59,226.71,2649,656,226.72
US9426222009,13904,WSO,USD,2020-12-17,226.89,233.54,226.89,232.92,3121,667,232.042
US9426222009,13904,WSO,USD,2020-12-18,234.28,236.15,226.52,228.45,2926,753,230.874
US9426222009,13904,WSO,USD,2020-12-21,224.94,230.63,223.36,230.31,1617,314,229.008
US9426222009,13904,WSO,USD,2020-12-22,230.15,233.19,229.69,232.95,1822,461,231.847
US9426222009,13904,WSO,USD,2020-12-23,233.74,236.53,232.26,235.03,2310,342,234.881
US9426222009,13904,WSO,USD,2020-12-24,236.0,236.0,232.27,234.19,520,93,234.099
US9426222009,13904,WSO,USD,2020-12-28,234.89,235.86,229.29,229.97,1536,405,231.302
US9426222009,13904,WSO,USD,2020-12-29,230.12,230.64,224.59,227.53,1264,320,226.937
US9426222009,13904,WSO,USD,2020-12-30,229.57,232.87,227.62,227.84,1342,367,228.676
US9426222009,13904,WSO,USD,2020-12-31,227.84,227.84,224.54,226.55,1782,349,226.548
US9426222009,13904,WSO,USD,2021-01-04,237.51,237.51,224.5,225.54,2228,607,225.951
US9426222009,13904,WSO,USD,2021-01-05,225.78,229.66,224.25,227.43,2180,508,228.331
US9426222009,13904,WSO,USD,2021-01-06,227.76,236.72,227.76,236.07,4437,916,234.188
US9426222009,13904,WSO,USD,2021-01-07,236.07,245.96,233.23,245.8,3827,843,243.987
US9426222009,13904,WSO,USD,2021-01-08,245.53,246.57,239.66,242.89,2261,506,242.627
US9426222009,13904,WSO,USD,2021-01-11,241.68,242.48,237.9,239.14,1537,385,239.539
US9426222009,13904,WSO,USD,2021-01-12,239.59,242.35,238.4,239.65,2359,613,239.706
US9426222009,13904,WSO,USD,2021-01-13,238.0,238.4,231.15,235.37,2542,651,235.191
US9426222009,13904,WSO,USD,2021-01-14,234.5,234.5,228.74,232.88,2731,707,232.141
US9426222009,13904,WSO,USD,2021-01-15,233.07,237.29,230.09,236.98,2496,476,234.635
US9426222009,13904,WSO,USD,2021-01-19,238.77,244.5,238.71,243.45,2560,642,242.671
US9426222009,13904,WSO,USD,2021-01-20,245.39,250.21,243.65,249.2,4161,1126,248.698
US9426222009,13904,WSO,USD,2021-01-21,250.15,250.91,245.06,245.57,2187,550,246.9
US9426222009,13904,WSO,USD,2021-01-22,245.58,253.87,244.31,252.58,2324,641,250.868
US9426222009,13904,WSO,USD,2021-01-25,253.94,259.65,253.0,257.08,4981,1157,255.605
US9426222009,13904,WSO,USD,2021-01-26,256.79,257.41,246.05,248.33,2470,715,249.184
US9426222009,13904,WSO,USD,2021-01-27,246.12,264.83,245.02,260.0,8413,1507,258.43
US9426222009,13904,WSO,USD,2021-01-28,259.21,263.84,248.88,250.92,5455,1488,255.475
US9426222009,13904,WSO,USD,2021-01-29,250.36,250.36,236.51,238.49,4618,1208,240.259
US9426222009,13904,WSO,USD,2021-02-01,238.79,244.85,237.94,244.42,2286,652,242.456
US9426222009,13904,WSO,USD,2021-02-02,244.68,245.13,240.96,244.28,1868,483,243.422
US9426222009,13904,WSO,USD,2021-02-03,243.74,248.25,243.57,244.75,1099,296,245.153
US9426222009,13904,WSO,USD,2021-02-04,246.56,247.71,239.72,243.02,3496,862,243.607
US9426222009,13904,WSO,USD,2021-02-05,244.96,247.6,241.07,242.62,3162,675,242.659
US9426222009,13904,WSO,USD,2021-02-08,244.71,255.44,243.95,254.35,3810,1031,252.595
US9426222009,13904,WSO,USD,2021-02-09,253.97,253.97,247.31,253.25,1760,494,252.06
US9426222009,13904,WSO,USD,2021-02-10,253.13,259.97,248.16,251.69,3310,1006,252.13
US9426222009,13904,WSO,USD,2021-02-11,260.0,265.18,245.93,249.22,7148,1453,250.192
US9426222009,13904,WSO,USD,2021-02-12,246.45,249.44,245.85,248.16,3100,597,248.049
US9426222009,13904,WSO,USD,2021-02-16,249.36,249.81,244.17,244.18,3857,907,246.791
US9426222009,13904,WSO,USD,2021-02-17,244.92,247.51,237.6,240.95,3874,799,241.64
US9426222009,13904,WSO,USD,2021-02-18,241.21,243.9,239.92,241.45,2744,479,241.799
US9426222009,13904,WSO,USD,2021-02-19,242.0,245.37,240.89,243.58,3508,741,243.225
US9426222009,13904,WSO,USD,2021-02-22,243.36,245.99,241.8,244.22,2600,826,243.482
US9426222009,13904,WSO,USD,2021-02-23,243.28,246.77,240.04,246.25,3406,716,243.631
US9426222009,13904,WSO,USD,2021-02-24,246.27,248.38,243.97,247.61,3236,679,246.708
US9426222009,13904,WSO,USD,2021-02-25,245.91,250.34,245.69,246.4,2207,653,247.901
US9426222009,13904,WSO,USD,2021-02-26,248.49,248.62,242.92,243.1,6581,1023,244.637
US9426222009,13904,WSO,USD,2021-03-01,250.47,252.04,244.29,250.84,5367,1128,248.242
US9426222009,13904,WSO,USD,2021-03-02,250.23,250.95,244.78,246.44,4854,1123,247.342
US9426222009,13904,WSO,USD,2021-03-03,248.14,248.14,240.0,240.0,4766,1025,242.632
US9426222009,13904,WSO,USD,2021-03-04,240.0,242.02,233.34,233.66,4786,1236,236.373
US9426222009,13904,WSO,USD,2021-03-05,235.36,240.77,233.13,239.66,4468,1332,237.332
US9426222009,13904,WSO,USD,2021-03-08,241.46,241.46,236.95,237.73,3686,977,239.249
US9426222009,13904,WSO,USD,2021-03-09,239.22,244.68,239.08,239.32,3092,749,240.814
US9426222009,13904,WSO,USD,2021-03-10,241.44,242.56,237.94,241.52,6583,1585,240.175
US9426222009,13904,WSO,USD,2021-03-11,241.91,246.54,241.19,244.86,2018,456,244.785
US9426222009,13904,WSO,USD,2021-03-12,246.29,249.31,245.26,248.06,3436,828,247.976
US9426222009,13904,WSO,USD,2021-03-15,248.72,256.46,247.32,255.49,3583,774,254.268
US9426222009,13904,WSO,USD,2021-03-16,258.31,259.52,254.94,255.37,2853,671,256.745
US9426222009,13904,WSO,USD,2021-03-17,255.11,258.7,254.3,257.74,2459,409,257.44
US9426222009,13904,WSO,USD,2021-03-18,257.11,259.78,256.68,257.36,1997,501,257.583
US9426222009,13904,WSO,USD,2021-03-19,257.5,258.29,253.65,253.68,9740,788,254.213
US9426222009,13904,WSO,USD,2021-03-22,253.9,256.12,250.03,254.49,1849,416,253.801
US9426222009,13904,WSO,USD,2021-03-23,253.04,256.09,250.6,251.9,1941,415,252.274
US9426222009,13904,WSO,USD,2021-03-24,253.37,256.53,250.84,254.66,1895,493,254.688
US9426222009,13904,WSO,USD,2021-03-25,253.99,259.66,250.95,258.74,2568,687,256.597
US9426222009,13904,WSO,USD,2021-03-26,260.0,262.85,259.03,259.91,3802,819,260.065
US9426222009,13904,WSO,USD,2021-03-29,259.53,266.07,257.59,257.95,2359,529,259.099
US9426222009,13904,WSO,USD,2021-03-30,257.42,261.5,257.31,260.22,1589,431,259.577
US9426222009,13904,WSO,USD,2021-03-31,261.35,264.3,260.75,260.75,3178,761,261.713
US9426222009,13904,WSO,USD,2021-04-01,263.39,267.84,262.93,267.22,2552,762,266.132
US9426222009,13904,WSO,USD,2021-04-05,268.19,271.0,268.01,270.89,1059,285,270.01
US9426222009,13904,WSO,USD,2021-04-06,270.6,273.99,270.6,271.28,1850,419,272.351
US9426222009,13904,WSO,USD,2021-04-07,271.23,271.23,267.87,270.02,1492,418,269.867
US9426222009,13904,WSO,USD,2021-04-08,271.77,271.91,266.11,271.41,1821,441,270.824
US9426222009,13904,WSO,USD,2021-04-09,272.74,277.28,271.68,276.1,2352,561,275.646
US9426222009,13904,WSO,USD,2021-04-12,276.0,280.08,275.0,279.88,3295,955,278.618
US9426222009,13904,WSO,USD,2021-04-13,278.49,281.88,277.41,279.27,2896,877,278.927
US9426222009,13904,WSO,USD,2021-04-14,260.25,278.93,260.25,276.89,4647,589,276.961
US9426222009,13904,WSO,USD,2021-04-15,276.51,279.91,275.72,279.66,1964,469,278.847
US9426222009,13904,WSO,USD,2021-04-16,281.22,285.51,278.83,283.68,2693,693,282.95
US9426222009,13904,WSO,USD,2021-04-19,285.3,286.94,281.4,283.11,3886,776,283.152
US9426222009,13904,WSO,USD,2021-04-20,283.92,287.51,278.34,282.34,3789,1019,281.61
US9426222009,13904,WSO,USD,2021-04-21,282.31,286.07,281.0,284.98,3077,816,284.93
US9426222009,13904,WSO,USD,2021-04-22,285.0,295.49,282.0,291.15,7278,1625,291.881
US9426222009,13904,WSO,USD,2021-04-23,293.39,295.94,287.94,292.27,3602,956,291.96
US9426222009,13904,WSO,USD,2021-04-26,292.71,294.05,290.71,291.29,3378,1008,291.854
US9426222009,13904,WSO,USD,2021-04-27,290.44,295.57,288.69,294.88,2873,826,293.605
US9426222009,13904,WSO,USD,2021-04-28,294.53,295.1,290.07,290.44,4024,480,291.004
US9426222009,13904,WSO,USD,2021-04-29,291.77,298.19,288.84,297.88,2125,449,296.776
US9426222009,13904,WSO,USD,2021-04-30,297.4,298.01,292.55,292.86,2117,343,293.548
US9426222009,13904,WSO,USD,2021-05-03,294.65,297.96,292.2,295.46,2151,559,295.8
US9426222009,13904,WSO,USD,2021-05-04,294.93,298.62,294.49,297.15,1462,328,296.87
US9426222009,13904,WSO,USD,2021-05-05,297.6,298.44,294.9,297.26,5083,1006,296.31
US9426222009,13904,WSO,USD,2021-05-06,296.79,297.44,291.83,294.32,2632,686,294.119
US9426222009,13904,WSO,USD,2021-05-07,293.69,300.47,292.07,300.44,2344,606,298.889
US9426222009,13904,WSO,USD,2021-05-10,301.91,307.81,300.45,305.43,2370,441,306.178
US9426222009,13904,WSO,USD,2021-05-11,303.3,303.75,297.98,298.39,2167,623,299.704
US9426222009,13904,WSO,USD,2021-05-12,295.47,296.99,287.6,287.72,2092,508,289.723
US9426222009,13904,WSO,USD,2021-05-13,287.76,296.31,286.81,294.94,3634,731,293.799
US9426222009,13904,WSO,USD,2021-05-14,295.62,298.23,294.27,297.91,1249,278,297.347
US9426222009,13904,WSO,USD,2021-05-17,297.97,298.61,293.85,297.09,2694,394,296.832
US9426222009,13904,WSO,USD,2021-05-18,297.15,297.15,287.99,288.69,2696,635,289.916
US9426222009,13904,WSO,USD,2021-05-19,286.94,287.33,279.76,282.52,4003,1129,282.341
US9426222009,13904,WSO,USD,2021-05-20,282.2,284.71,281.15,284.32,1655,424,283.262
US9426222009,13904,WSO,USD,2021-05-21,286.2,289.9,281.98,284.01,2413,429,284.519
US9426222009,13904,WSO,USD,2021-05-24,285.79,286.95,283.53,285.84,1324,259,285.772
US9426222009,13904,WSO,USD,2021-05-25,286.0,287.29,284.0,285.72,2244,612,285.689
US9426222009,13904,WSO,USD,2021-05-26,286.13,289.57,285.0,288.57,1932,514,287.979
US9426222009,13904,WSO,USD,2021-05-27,290.81,292.3,287.9,288.82,1346,249,289.001
US9426222009,13904,WSO,USD,2021-05-28,290.77,292.93,289.24,291.4,4018,668,291.071
US9426222009,13904,WSO,USD,2021-06-01,292.41,294.59,286.63,291.08,1934,478,290.694
US9426222009,13904,WSO,USD,2021-06-02,290.48,291.51,287.28,287.93,1753,427,288.488
US9426222009,13904,WSO,USD,2021-06-03,286.54,287.82,283.77,287.38,2472,386,286.874
US9426222009,13904,WSO,USD,2021-06-04,288.57,288.74,286.75,288.26,1249,336,287.967
US9426222009,13904,WSO,USD,2021-06-07,288.0,289.12,286.65,287.96,1426,379,287.671
US9426222009,13904,WSO,USD,2021-06-08,288.78,291.2,286.25,290.98,1690,344,289.914
US9426222009,13904,WSO,USD,2021-06-09,290.16,291.85,286.56,288.84,2464,693,288.955
US9426222009,13904,WSO,USD,2021-06-10,288.89,289.86,286.67,287.47,2460,547,287.683
US9426222009,13904,WSO,USD,2021-06-11,288.5,289.86,283.69,285.72,2362,543,285.052
US9426222009,13904,WSO,USD,2021-06-14,285.15,286.93,283.76,285.66,2622,519,285.351
US9426222009,13904,WSO,USD,2021-06-15,285.77,287.98,284.97,286.26,1207,315,286.425
US9426222009,13904,WSO,USD,2021-06-16,287.5,287.5,282.31,282.87,1279,291,283.858
US9426222009,13904,WSO,USD,2021-06-17,282.04,282.77,275.19,278.72,4308,421,279.217
US9426222009,13904,WSO,USD,2021-06-18,278.13,279.02,274.61,274.74,5234,913,276.039
US9426222009,13904,WSO,USD,2021-06-21,276.55,282.2,276.55,281.78,1734,403,281.166
US9426222009,13904,WSO,USD,2021-06-22,282.71,282.71,279.32,280.24,1513,296,280.614
US9426222009,13904,WSO,USD,2021-06-23,279.51,282.64,276.74,280.56,1941,405,281.032
US9426222009,13904,WSO,USD,2021-06-24,281.83,285.06,280.19,283.99,2171,506,283.428
US9426222009,13904,WSO,USD,2021-06-25,283.94,285.37,279.52,280.85,3855,420,281.146
US9426222009,13904,WSO,USD,2021-06-28,281.0,282.21,279.06,281.11,2363,370,281.043
US9426222009,13904,WSO,USD,2021-06-29,282.5,285.39,281.51,284.47,2257,474,284.384
US9426222009,13904,WSO,USD,2021-06-30,284.26,287.77,281.1,286.64,3608,613,286.102
US9426222009,13904,WSO,USD,2021-07-01,287.6,291.29,286.94,289.61,2377,467,289.636
US9426222009,13904,WSO,USD,2021-07-02,289.65,291.58,287.57,288.65,1010,234,288.514
US9426222009,13904,WSO,USD,2021-07-06,289.47,289.47,282.61,286.61,2411,347,286.449
US9426222009,13904,WSO,USD,2021-07-07,286.13,296.68,286.03,295.47,2199,477,294.343
US9426222009,13904,WSO,USD,2021-07-08,292.24,292.48,287.58,288.78,2238,517,289.12
US9426222009,13904,WSO,USD,2021-07-09,291.04,291.89,288.51,291.17,2902,722,290.552
US9426222009,13904,WSO,USD,2021-07-12,287.0,292.13,287.0,291.98,2805,665,290.356
US9426222009,13904,WSO,USD,2021-07-13,291.53,292.41,286.85,286.86,1593,351,287.956
US9426222009,13904,WSO,USD,2021-07-14,288.13,288.66,285.01,286.68,2344,525,286.694
US9426222009,13904,WSO,USD,2021-07-15,284.74,288.31,284.72,285.89,2249,568,286.056
US9426222009,13904,WSO,USD,2021-07-16,287.19,288.2,282.18,282.7,2291,630,283.849
US9426222009,13904,WSO,USD,2021-07-19,279.76,280.35,276.2,278.58,2975,895,278.019
US9426222009,13904,WSO,USD,2021-07-20,280.31,286.42,277.97,283.48,4134,1051,283.598
US9426222009,13904,WSO,USD,2021-07-21,285.35,287.88,280.31,281.53,4057,1071,281.561
US9426222009,13904,WSO,USD,2021-07-22,282.01,289.49,278.5,287.93,4594,1117,286.862
US9426222009,13904,WSO,USD,2021-07-23,293.92,295.38,290.37,295.14,3164,770,294.344
US9426222009,13904,WSO,USD,2021-07-26,293.54,294.07,287.8,288.0,3828,935,288.783
US9426222009,13904,WSO,USD,2021-07-27,286.47,286.47,280.15,280.99,3405,927,282.016
US9426222009,13904,WSO,USD,2021-07-28,280.85,281.26,275.25,275.99,4075,1162,276.564
US9426222009,13904,WSO,USD,2021-07-29,276.45,281.26,276.3,279.35,4189,1108,278.874
US9426222009,13904,WSO,USD,2021-07-30,278.13,282.46,278.13,282.44,4212,880,281.048
US9426222009,13904,WSO,USD,2021-08-02,283.12,284.85,280.89,281.27,2252,493,281.689
US9426222009,13904,WSO,USD,2021-08-03,281.18,284.29,280.97,283.32,2349,531,282.975
US9426222009,13904,WSO,USD,2021-08-04,281.76,284.43,278.85,279.8,2059,500,280.276
US9426222009,13904,WSO,USD,2021-08-05,281.67,282.78,276.22,278.15,1199,317,278.302
US9426222009,13904,WSO,USD,2021-08-06,278.84,280.65,275.63,276.71,1527,383,277.072
US9426222009,13904,WSO,USD,2021-08-09,275.64,279.07,273.99,277.16,2305,648,277.271
US9426222009,13904,WSO,USD,2021-08-10,276.28,278.98,273.57,275.33,1937,444,275.789
US9426222009,13904,WSO,USD,2021-08-11,275.71,277.87,275.36,277.33,1241,357,276.965
US9426222009,13904,WSO,USD,2021-08-12,277.57,279.26,275.3,275.99,2368,565,276.609
US9426222009,13904,WSO,USD,2021-08-13,277.24,278.47,275.37,276.24,986,250,276.599
US9426222009,13904,WSO,USD,2021-08-16,274.8,279.91,273.95,278.75,2206,538,278.204
US9426222009,13904,WSO,USD,2021-08-17,276.56,278.63,272.69,274.6,1100,280,274.52
US9426222009,13904,WSO,USD,2021-08-18,274.84,276.86,271.4,271.48,1380,328,272.709
US9426222009,13904,WSO,USD,2021-08-19,268.57,273.99,268.06,273.05,1263,360,272.46
US9426222009,13904,WSO,USD,2021-08-20,273.09,276.35,273.0,274.86,1042,163,274.956
US9426222009,13904,WSO,USD,2021-08-23,275.98,277.3,274.76,275.35,1542,401,276.104
US9426222009,13904,WSO,USD,2021-08-24,276.59,277.71,275.5,276.27,1146,305,276.598
US9426222009,13904,WSO,USD,2021-08-25,277.66,279.94,275.98,277.99,2067,354,278.038
US9426222009,13904,WSO,USD,2021-08-26,278.12,278.12,274.54,275.46,755,232,275.848
US9426222009,13904,WSO,USD,2021-08-27,275.48,278.82,275.48,278.1,1427,255,277.955
US9426222009,13904,WSO,USD,2021-08-30,277.82,283.68,277.82,281.49,1178,308,281.676
US9426222009,13904,WSO,USD,2021-08-31,280.7,282.94,277.01,278.42,2961,481,278.631
US9426222009,13904,WSO,USD,2021-09-01,278.87,280.47,273.7,279.83,3620,574,279.165
US9426222009,13904,WSO,USD,2021-09-02,280.01,287.99,280.01,287.07,2556,703,285.39
US9426222009,13904,WSO,USD,2021-09-03,285.86,290.43,285.86,289.13,2815,822,289.399
US9426222009,13904,WSO,USD,2021-09-07,287.36,289.23,282.1,282.23,2970,927,285.284
US9426222009,13904,WSO,USD,2021-09-08,281.85,285.41,280.01,284.58,1419,329,283.863
US9426222009,13904,WSO,USD,2021-09-09,284.89,286.54,281.0,282.5,1398,412,282.915
US9426222009,13904,WSO,USD,2021-09-10,283.85,284.15,281.1,282.38,1744,392,282.586
US9426222009,13904,WSO,USD,2021-09-13,285.0,285.87,278.86,280.43,1684,502,281.263
US9426222009,13904,WSO,USD,2021-09-14,281.24,281.24,275.46,277.27,1387,361,277.244
US9426222009,13904,WSO,USD,2021-09-15,276.72,281.14,275.8,280.36,1647,431,279.541
US9426222009,13904,WSO,USD,2021-09-16,279.26,281.54,275.76,276.63,1476,435,277.52
US9426222009,13904,WSO,USD,2021-09-17,275.9,278.21,273.86,273.87,7630,482,274.191
US9426222009,13904,WSO,USD,2021-09-20,272.0,273.76,269.48,273.3,946,330,271.489
US9426222009,13904,WSO,USD,2021-09-21,274.99,276.11,272.48,273.99,1748,402,274.354
US9426222009,13904,WSO,USD,2021-09-22,275.92,277.79,274.7,276.72,1368,280,276.561
US9426222009,13904,WSO,USD,2021-09-23,278.86,280.2,277.47,278.57,972,248,278.743
US9426222009,13904,WSO,USD,2021-09-24,277.86,280.22,276.67,277.57,1113,293,278.014
US9426222009,13904,WSO,USD,2021-09-27,275.89,277.7,274.22,276.79,1790,449,276.341
US9426222009,13904,WSO,USD,2021-09-28,275.0,275.11,271.04,271.71,1085,292,272.488
US9426222009,13904,WSO,USD,2021-09-29,272.34,272.97,271.04,271.82,1104,293,272.06
US9426222009,13904,WSO,USD,2021-09-30,273.63,273.63,264.62,264.62,1440,315,266.509
US9426222009,13904,WSO,USD,2021-10-01,266.86,269.88,263.7,267.47,4163,590,267.134
US9426222009,13904,WSO,USD,2021-10-04,267.53,268.22,264.05,267.37,3883,618,266.34
US9426222009,13904,WSO,USD,2021-10-05,268.6,270.63,266.71,269.16,2760,549,269.105
US9426222009,13904,WSO,USD,2021-10-06,268.21,271.14,264.25,271.12,1249,327,268.54
US9426222009,13904,WSO,USD,2021-10-07,273.35,278.37,272.75,275.89,2085,361,276.097
US9426222009,13904,WSO,USD,2021-10-08,276.8,276.8,273.17,273.33,1530,298,273.841
US9426222009,13904,WSO,USD,2021-10-11,272.16,276.11,272.16,274.61,1519,395,274.92
US9426222009,13904,WSO,USD,2021-10-12,265.12,277.96,265.12,275.74,1745,365,275.961
US9426222009,13904,WSO,USD,2021-10-13,276.67,278.85,275.46,278.35,1550,375,277.851
US9426222009,13904,WSO,USD,2021-10-14,278.99,283.13,278.84,282.97,2048,480,282.287
US9426222009,13904,WSO,USD,2021-10-15,282.97,288.43,282.97,285.29,2253,585,285.949
US9426222009,13904,WSO,USD,2021-10-18,284.44,285.84,282.05,285.83,1890,487,284.704
US9426222009,13904,WSO,USD,2021-10-19,287.41,288.29,284.73,286.6,1931,568,286.781
US9426222009,13904,WSO,USD,2021-10-20,287.66,290.02,282.24,289.65,2866,803,288.118
US9426222009,13904,WSO,USD,2021-10-21,290.39,298.45,289.52,298.04,2693,769,296.327
US9426222009,13904,WSO,USD,2021-10-22,298.5,301.32,294.33,294.91,1703,502,296.703
US9426222009,13904,WSO,USD,2021-10-25,293.92,297.17,292.05,293.76,1807,480,294.528
US9426222009,13904,WSO,USD,2021-10-26,294.12,294.12,287.21,287.35,1556,368,288.692
US9426222009,13904,WSO,USD,2021-10-27,288.79,289.34,279.79,279.9,2384,494,281.803
US9426222009,13904,WSO,USD,2021-10-28,281.95,288.3,281.49,285.83,1682,493,285.881
US9426222009,13904,WSO,USD,2021-10-29,284.66,292.6,284.31,289.58,2021,483,288.999
US9426222009,13904,WSO,USD,2021-11-01,290.43,294.65,288.68,294.56,2251,437,293.28
US9426222009,13904,WSO,USD,2021-11-02,294.24,297.95,292.92,297.03,1303,348,296.38
US9426222009,13904,WSO,USD,2021-11-03,296.53,297.94,293.71,294.19,1252,347,294.926
US9426222009,13904,WSO,USD,2021-11-04,294.57,299.28,294.57,298.32,2175,561,298.16
US9426222009,13904,WSO,USD,2021-11-05,298.31,302.15,295.02,295.22,1152,242,296.729
US9426222009,13904,WSO,USD,2021-11-08,297.17,297.17,291.51,295.5,1446,384,294.424
US9426222009,13904,WSO,USD,2021-11-09,294.86,297.88,294.8,297.68,1132,325,296.78
US9426222009,13904,WSO,USD,2021-11-10,296.45,299.71,294.45,295.45,1091,246,295.721
US9426222009,13904,WSO,USD,2021-11-11,296.48,298.71,293.44,296.0,1156,340,295.724
US9426222009,13904,WSO,USD,2021-11-12,296.48,303.29,295.52,302.13,1238,310,301.532
US9426222009,13904,WSO,USD,2021-11-15,302.72,304.4,300.11,300.91,1130,231,301.759
US9426222009,13904,WSO,USD,2021-11-16,301.65,305.06,300.31,302.3,1011,205,302.845
US9426222009,13904,WSO,USD,2021-11-17,300.64,304.97,297.7,304.54,1279,379,302.066
US9426222009,13904,WSO,USD,2021-11-18,304.63,306.29,299.08,299.25,1389,322,300.612
US9426222009,13904,WSO,USD,2021-11-19,301.49,302.76,297.68,302.44,1415,267,302.198
US9426222009,13904,WSO,USD,2021-11-22,304.32,308.92,303.78,306.51,1225,342,306.664
US9426222009,13904,WSO,USD,2021-11-23,305.88,307.83,303.85,306.92,1330,271,306.681
US9426222009,13904,WSO,USD,2021-11-24,306.67,309.16,305.98,308.4,1705,280,308.312
US9426222009,13904,WSO,USD,2021-11-26,304.47,306.72,300.03,300.24,696,159,301.39
US9426222009,13904,WSO,USD,2021-11-29,303.66,303.66,297.97,299.63,922,307,300.32
US9426222009,13904,WSO,USD,2021-11-30,298.02,299.06,292.62,292.94,1201,407,294.843
US9426222009,13904,WSO,USD,2021-12-01,295.72,299.85,290.03,290.28,2007,504,294.217
US9426222009,13904,WSO,USD,2021-12-02,289.21,300.71,289.21,299.15,1635,425,298.072
US9426222009,13904,WSO,USD,2021-12-03,300.13,304.6,295.75,301.96,1699,480,301.475
US9426222009,13904,WSO,USD,2021-12-06,303.01,305.48,300.04,304.93,2059,470,303.566
US9426222009,13904,WSO,USD,2021-12-07,308.69,315.82,306.09,313.76,1864,537,313.927
US9426222009,13904,WSO,USD,2021-12-08,314.5,317.45,312.53,314.46,1688,437,314.89
US9426222009,13904,WSO,USD,2021-12-09,313.4,313.65,309.52,309.76,1174,270,311.168
US9426222009,13904,WSO,USD,2021-12-10,310.69,312.35,307.28,309.16,1552,412,309.066
US9426222009,13904,WSO,USD,2021-12-13,310.01,316.97,309.25,314.38,2642,515,314.556
US9426222009,13904,WSO,USD,2021-12-14,313.64,315.76,305.01,309.6,3117,610,309.329
US9426222009,13904,WSO,USD,2021-12-15,311.88,316.3,307.09,315.96,1924,574,311.266
US9426222009,13904,WSO,USD,2021-12-16,316.99,318.98,311.77,313.7,1409,361,315.034
US9426222009,13904,WSO,USD,2021-12-17,313.91,314.45,304.43,304.81,6745,544,306.095
US9426222009,13904,WSO,USD,2021-12-20,302.26,302.26,295.0,299.85,1323,279,299.018
US9426222009,13904,WSO,USD,2021-12-21,301.13,303.99,297.73,303.67,1745,431,301.873
US9426222009,13904,WSO,USD,2021-12-22,304.24,304.3,300.21,302.79,1507,420,302.127
US9426222009,13904,WSO,USD,2021-12-23,304.26,305.53,302.26,302.91,1443,349,303.324
US9426222009,13904,WSO,USD,2021-12-27,303.0,306.2,302.55,305.72,2954,849,304.954
US9426222009,13904,WSO,USD,2021-12-28,305.71,306.78,303.26,305.99,3096,894,305.751
US9426222009,13904,WSO,USD,2021-12-29,305.36,313.26,305.36,311.62,2973,730,308.806
US9426222009,13904,WSO,USD,2021-12-30,311.48,313.16,308.59,308.93,810,213,309.764
US9426222009,13904,WSO,USD,2021-12-31,308.03,313.93,308.03,312.88,772,172,312.378
US9426222009,13904,WSO,USD,2022-01-03,314.44,316.05,302.85,304.51,1458,368,305.233
US9426222009,13904,WSO,USD,2022-01-04,304.58,313.33,304.58,311.32,1575,440,310.868
US9426222009,13904,WSO,USD,2022-01-05,311.32,315.37,307.84,307.97,3324,673,311.399
US9426222009,13904,WSO,USD,2022-01-06,308.63,312.24,304.53,304.7,1816,516,306.849
US9426222009,13904,WSO,USD,2022-01-07,305.12,309.03,299.21,299.4,1671,480,301.154
US9426222009,13904,WSO,USD,2022-01-10,297.16,299.01,292.82,298.62,1884,540,297.113
US9426222009,13904,WSO,USD,2022-01-11,298.63,302.21,294.56,301.95,1911,446,299.567
US9426222009,13904,WSO,USD,2022-01-12,303.4,308.55,303.4,304.54,1957,411,305.984
US9426222009,13904,WSO,USD,2022-01-13,304.0,306.95,301.27,301.49,960,264,303.222
US9426222009,13904,WSO,USD,2022-01-14,301.37,303.92,293.75,298.05,2305,539,297.134
US9426222009,13904,WSO,USD,2022-01-18,294.01,295.0,292.0,292.9,1860,457,293.515
US9426222009,13904,WSO,USD,2022-01-19,295.26,296.49,292.47,292.65,1356,366,293.747
US9426222009,13904,WSO,USD,2022-01-20,294.01,296.54,285.0,285.55,1152,303,289.17
US9426222009,13904,WSO,USD,2022-01-21,285.08,290.93,282.78,282.79,1338,324,284.854
US9426222009,13904,WSO,USD,2022-01-24,277.77,287.72,277.05,287.46,1806,475,283.187
US9426222009,13904,WSO,USD,2022-01-25,284.03,284.03,274.91,278.9,2032,547,278.931
US9426222009,13904,WSO,USD,2022-01-26,281.31,284.71,273.09,276.23,3227,460,278.014
US9426222009,13904,WSO,USD,2022-01-27,278.79,281.03,270.32,271.92,1357,298,272.989
US9426222009,13904,WSO,USD,2022-01-28,272.4,279.3,269.18,279.15,1340,356,275.909
US9426222009,13904,WSO,USD,2022-01-31,278.18,282.58,277.04,282.56,1339,428,280.119
US9426222009,13904,WSO,USD,2022-02-01,283.43,285.21,278.06,280.25,2113,620,280.567
US9426222009,13904,WSO,USD,2022-02-02,282.92,283.46,277.64,281.5,2142,624,280.949
US9426222009,13904,WSO,USD,2022-02-03,279.63,280.48,274.33,274.95,1483,432,276.38
US9426222009,13904,WSO,USD,2022-02-04,274.94,276.0,267.01,267.47,2579,765,268.497
US9426222009,13904,WSO,USD,2022-02-07,267.5,268.53,264.11,265.24,2537,768,266.147
US9426222009,13904,WSO,USD,2022-02-08,265.55,269.9,265.05,269.07,3130,873,268.432
US9426222009,13904,WSO,USD,2022-02-09,273.21,276.4,272.82,276.17,2381,675,275.123
US9426222009,13904,WSO,USD,2022-02-10,275.99,283.78,266.31,269.55,6099,1726,271.857
US9426222009,13904,WSO,USD,2022-02-11,271.3,271.79,261.25,263.0,3508,952,264.564
US9426222009,13904,WSO,USD,2022-02-14,267.86,269.16,258.11,261.08,4774,1379,261.654
US9426222009,13904,WSO,USD,2022-02-15,263.4,266.94,261.24,262.59,1998,580,263.237
US9426222009,13904,WSO,USD,2022-02-16,260.85,264.78,260.09,262.9,1577,403,263.017
US9426222009,13904,WSO,USD,2022-02-17,260.69,261.05,257.31,257.95,2588,729,258.498
US9426222009,13904,WSO,USD,2022-02-18,260.08,261.38,258.15,259.21,2263,564,259.549
US9426222009,13904,WSO,USD,2022-02-22,257.49,262.29,256.46,260.3,2560,795,260.133
US9426222009,13904,WSO,USD,2022-02-23,260.75,263.59,256.12,256.28,2649,816,258.984
US9426222009,13904,WSO,USD,2022-02-24,253.42,264.25,252.5,262.57,3414,818,260.761
US9426222009,13904,WSO,USD,2022-02-25,261.23,268.29,260.0,267.52,1888,480,266.222
US9426222009,13904,WSO,USD,2022-02-28,265.6,274.06,265.46,273.06,4201,912,271.391
US9426222009,13904,WSO,USD,2022-03-01,271.3,275.91,269.46,273.26,3233,719,272.892
US9426222009,13904,WSO,USD,2022-03-02,274.85,280.48,274.85,279.08,2211,534,278.892
US9426222009,13904,WSO,USD,2022-03-03,279.65,281.83,277.36,279.74,1465,363,279.359
US9426222009,13904,WSO,USD,2022-03-04,277.61,283.92,276.44,283.88,2311,664,281.52
US9426222009,13904,WSO,USD,2022-03-07,282.73,286.94,280.77,284.31,3195,727,284.196
US9426222009,13904,WSO,USD,2022-03-08,283.84,290.29,283.84,284.41,3370,1017,285.367
US9426222009,13904,WSO,USD,2022-03-09,284.41,288.78,284.33,286.48,2774,818,286.788
US9426222009,13904,WSO,USD,2022-03-10,283.71,286.41,281.69,286.26,2579,748,284.932
US9426222009,13904,WSO,USD,2022-03-11,287.27,290.12,284.12,284.41,2934,657,285.257
US9426222009,13904,WSO,USD,2022-03-14,285.76,291.26,285.76,288.36,2222,607,288.257
US9426222009,13904,WSO,USD,2022-03-15,290.74,293.34,288.36,293.19,1992,544,291.435
US9426222009,13904,WSO,USD,2022-03-16,293.2,295.79,287.64,293.85,2417,598,291.997
US9426222009,13904,WSO,USD,2022-03-17,293.0,302.68,291.43,302.0,3329,938,299.737
US9426222009,13904,WSO,USD,2022-03-18,302.25,309.26,300.06,308.81,6463,783,307.195
US9426222009,13904,WSO,USD,2022-03-21,309.41,311.86,299.45,303.56,2175,518,302.906
US9426222009,13904,WSO,USD,2022-03-22,304.25,307.08,299.05,301.1,2977,764,300.56
US9426222009,13904,WSO,USD,2022-03-23,299.46,301.82,298.78,300.27,5251,1115,300.194
US9426222009,13904,WSO,USD,2022-03-24,302.63,303.22,296.15,297.66,4143,1076,298.897
US9426222009,13904,WSO,USD,2022-03-25,297.61,300.16,296.07,298.2,3359,791,297.884
US9426222009,13904,WSO,USD,2022-03-28,298.0,304.03,296.37,303.71,2244,505,301.581
US9426222009,13904,WSO,USD,2022-03-29,305.28,308.5,303.7,304.93,3391,800,305.322
US9426222009,13904,WSO,USD,2022-03-30,304.76,308.59,304.38,308.18,3427,904,307.305
US9426222009,13904,WSO,USD,2022-03-31,307.53,310.8,304.53,304.64,5437,1256,307.034
US9426222009,13904,WSO,USD,2022-04-01,304.1,306.92,300.25,304.2,5456,1218,303.05
US9426222009,13904,WSO,USD,2022-04-04,304.38,307.01,302.53,305.52,5464,1349,305.645
US9426222009,13904,WSO,USD,2022-04-05,304.98,307.29,302.14,302.43,6402,1576,304.311
US9426222009,13904,WSO,USD,2022-04-06,299.22,301.19,290.81,292.86,3803,1074,293.676
US9426222009,13904,WSO,USD,2022-04-07,293.92,299.45,292.95,297.47,3736,865,296.726
US9426222009,13904,WSO,USD,2022-04-08,297.29,301.32,296.38,300.36,2517,666,299.128
US9426222009,13904,WSO,USD,2022-04-11,299.4,301.41,290.04,291.5,4760,1166,293.236
US9426222009,13904,WSO,USD,2022-04-12,292.17,296.62,288.0,289.09,3955,1161,291.812
US9426222009,13904,WSO,USD,2022-04-13,286.74,295.8,284.08,294.73,6388,1201,292.562
US9426222009,13904,WSO,USD,2022-04-14,294.58,295.63,287.17,288.39,6810,1425,289.75
US9426222009,13904,WSO,USD,2022-04-18,287.97,289.6,277.12,279.56,5312,1220,281.528
US9426222009,13904,WSO,USD,2022-04-19,279.57,286.32,279.57,285.72,3708,1029,284.333
US9426222009,13904,WSO,USD,2022-04-20,287.53,290.85,286.5,286.58,3935,1110,288.411
US9426222009,13904,WSO,USD,2022-04-21,291.66,310.26,291.66,299.34,10895,3070,301.914
US9426222009,13904,WSO,USD,2022-04-22,298.65,299.2,288.05,290.98,3974,1073,292.217
US9426222009,13904,WSO,USD,2022-04-25,290.66,291.51,281.65,290.71,2761,824,287.575
US9426222009,13904,WSO,USD,2022-04-26,287.58,290.22,283.71,284.69,2744,765,286.448
US9426222009,13904,WSO,USD,2022-04-27,284.21,287.3,279.43,281.34,3671,840,282.723
US9426222009,13904,WSO,USD,2022-04-28,282.91,283.88,276.53,279.54,4596,1177,279.448
US9426222009,13904,WSO,USD,2022-04-29,276.93,278.75,266.2,266.78,5917,1645,270.382
US9426222009,13904,WSO,USD,2022-05-02,265.47,271.21,261.34,266.39,4892,1250,266.244
US9426222009,13904,WSO,USD,2022-05-03,266.71,268.44,261.56,264.28,5690,1374,264.608
US9426222009,13904,WSO,USD,2022-05-04,264.39,274.17,261.95,273.87,4039,1183,268.788
US9426222009,13904,WSO,USD,2022-05-05,270.65,272.62,257.87,260.24,4353,1232,261.605
US9426222009,13904,WSO,USD,2022-05-06,258.38,259.42,252.75,256.68,3631,974,256.138
US9426222009,13904,WSO,USD,2022-05-09,253.35,258.02,252.33,254.77,3736,1053,255.357
US9426222009,13904,WSO,USD,2022-05-10,257.25,257.64,248.9,255.23,5509,1547,253.527
US9426222009,13904,WSO,USD,2022-05-11,254.72,261.7,249.28,249.41,8084,2565,257.477
US9426222009,13904,WSO,USD,2022-05-12,246.58,255.81,245.26,255.6,4521,1252,253.352
US9426222009,13904,WSO,USD,2022-05-13,258.1,259.99,256.03,258.64,3304,931,257.724
US9426222009,13904,WSO,USD,2022-05-16,256.39,259.83,254.25,258.54,4220,1011,258.151
US9426222009,13904,WSO,USD,2022-05-17,262.07,265.67,258.47,264.41,3049,851,262.918
US9426222009,13904,WSO,USD,2022-05-18,262.64,264.66,245.26,245.26,7476,1372,256.86
US9426222009,13904,WSO,USD,2022-05-19,245.11,251.25,242.9,247.26,3223,915,247.673
US9426222009,13904,WSO,USD,2022-05-20,248.35,248.51,239.62,246.68,4854,1301,243.531
US9426222009,13904,WSO,USD,2022-05-23,248.17,250.59,246.77,247.78,3762,1030,248.502
US9426222009,13904,WSO,USD,2022-05-24,245.87,246.65,240.64,244.05,4826,1170,243.374
US9426222009,13904,WSO,USD,2022-05-25,242.16,246.18,242.16,244.01,3912,861,244.298
US9426222009,13904,WSO,USD,2022-05-26,244.96,251.73,244.0,249.63,2798,719,248.448
US9426222009,13904,WSO,USD,2022-05-27,251.77,255.64,251.54,255.45,3134,801,254.085
US9426222009,13904,WSO,USD,2022-05-31,255.03,256.27,251.73,255.63,4038,957,254.641
US9426222009,13904,WSO,USD,2022-06-01,257.04,259.16,251.84,254.43,2078,526,254.216
US9426222009,13904,WSO,USD,2022-06-02,255.43,263.43,255.4,263.11,3084,812,261.329
US9426222009,13904,WSO,USD,2022-06-03,259.87,261.76,254.98,256.15,2563,750,256.783
US9426222009,13904,WSO,USD,2022-06-06,258.45,263.0,256.33,260.28,2394,628,260.642
US9426222009,13904,WSO,USD,2022-06-07,257.89,262.14,257.35,261.17,2378,560,260.733
US9426222009,13904,WSO,USD,2022-06-08,259.94,259.94,254.32,255.0,1498,303,255.854
US9426222009,13904,WSO,USD,2022-06-09,253.45,257.85,253.45,257.03,3073,799,256.814
US9426222009,13904,WSO,USD,2022-06-10,254.98,256.63,252.27,253.98,2603,664,254.155
US9426222009,13904,WSO,USD,2022-06-13,248.26,255.0,246.97,252.2,4480,1221,251.398
US9426222009,13904,WSO,USD,2022-06-14,251.57,252.86,243.7,247.97,3721,1075,247.262
US9426222009,13904,WSO,USD,2022-06-15,249.08,251.75,240.47,245.02,7009,1794,245.682
US9426222009,13904,WSO,USD,2022-06-16,237.46,237.46,220.68,223.32,11422,3207,227.373
US9426222009,13904,WSO,USD,2022-06-17,230.62,233.07,226.27,227.14,8296,1309,228.059
US9426222009,13904,WSO,USD,2022-06-21,228.11,235.93,227.0,230.6,4241,1212,231.976
US9426222009,13904,WSO,USD,2022-06-22,227.61,229.13,224.53,226.94,5330,1438,227.333
US9426222009,13904,WSO,USD,2022-06-23,227.97,232.86,227.74,231.92,3761,951,230.747
US9426222009,13904,WSO,USD,2022-06-24,234.67,241.55,233.3,240.3,7304,921,240.208
US9426222009,13904,WSO,USD,2022-06-27,240.98,243.67,238.29,243.1,3453,1013,242.562
US9426222009,13904,WSO,USD,2022-06-28,244.05,245.86,238.16,238.4,3535,889,239.73
US9426222009,13904,WSO,USD,2022-06-29,239.17,239.91,236.31,237.98,4062,1057,238.055
US9426222009,13904,WSO,USD,2022-06-30,236.3,243.17,235.61,238.82,3998,1066,239.237
US9426222009,13904,WSO,USD,2022-07-01,238.6,241.75,235.89,240.98,3616,737,240.054
US9426222009,13904,WSO,USD,2022-07-05,237.09,244.9,235.1,244.65,3137,818,241.506
US9426222009,13904,WSO,USD,2022-07-06,246.92,249.5,243.11,246.97,4852,824,246.832
US9426222009,13904,WSO,USD,2022-07-07,246.54,249.35,245.18,248.06,2268,531,247.565
US9426222009,13904,WSO,USD,2022-07-08,248.5,248.68,245.41,248.55,2864,710,247.365
US9426222009,13904,WSO,USD,2022-07-11,250.2,254.54,249.29,252.32,3596,926,252.268
US9426222009,13904,WSO,USD,2022-07-12,252.22,256.72,247.83,249.54,2848,761,251.495
US9426222009,13904,WSO,USD,2022-07-13,246.0,250.38,244.5,250.06,4095,1079,248.566
US9426222009,13904,WSO,USD,2022-07-14,248.67,251.88,240.0,240.0,5493,1673,249.777
US9426222009,13904,WSO,USD,2022-07-15,251.21,253.8,249.61,253.69,4416,1125,252.504
US9426222009,13904,WSO,USD,2022-07-18,254.46,255.62,246.94,247.79,5533,1393,250.228
US9426222009,13904,WSO,USD,2022-07-19,250.59,257.14,250.59,257.09,2605,638,255.579
US9426222009,13904,WSO,USD,2022-07-20,258.34,262.06,256.98,260.59,4318,1097,259.99
US9426222009,13904,WSO,USD,2022-07-21,258.2,262.32,254.03,257.61,5770,1691,257.918
US9426222009,13904,WSO,USD,2022-07-22,258.17,259.18,251.21,254.25,3521,1016,254.491
US9426222009,13904,WSO,USD,2022-07-25,254.03,255.74,250.77,252.96,5416,1490,253.149
US9426222009,13904,WSO,USD,2022-07-26,244.78,247.18,230.0,244.25,14404,3987,241.794
US9426222009,13904,WSO,USD,2022-07-27,246.07,256.24,244.45,254.75,4973,1382,252.425
US9426222009,13904,WSO,USD,2022-07-28,257.0,265.03,253.47,263.7,4746,1433,261.263
US9426222009,13904,WSO,USD,2022-07-29,264.5,277.02,263.47,273.95,5423,1514,272.122
US9426222009,13904,WSO,USD,2022-08-01,271.73,279.42,270.22,278.82,7059,1717,277.777
US9426222009,13904,WSO,USD,2022-08-02,278.51,278.51,272.57,273.22,3996,1112,274.954
US9426222009,13904,WSO,USD,2022-08-03,273.46,277.84,271.17,276.46,3254,956,275.609
US9426222009,13904,WSO,USD,2022-08-04,276.22,280.76,275.1,278.14,2974,695,278.728
US9426222009,13904,WSO,USD,2022-08-05,274.91,282.16,274.47,282.05,1640,401,279.736
US9426222009,13904,WSO,USD,2022-08-08,283.92,287.99,283.47,285.91,2815,799,285.452
US9426222009,13904,WSO,USD,2022-08-09,286.19,286.49,280.1,281.05,2913,777,282.186
US9426222009,13904,WSO,USD,2022-08-10,287.79,294.14,285.67,292.08,4298,950,291.529
US9426222009,13904,WSO,USD,2022-08-11,293.28,294.4,290.17,292.93,2606,714,292.848
US9426222009,13904,WSO,USD,2022-08-12,295.17,303.23,294.4,302.9,3489,853,300.793
US9426222009,13904,WSO,USD,2022-08-15,302.14,306.61,300.69,305.3,2903,737,304.875
US9426222009,13904,WSO,USD,2022-08-16,303.6,305.54,300.35,302.41,3998,1131,302.985
US9426222009,13904,WSO,USD,2022-08-17,300.38,304.62,298.82,304.39,4515,1227,303.067
US9426222009,13904,WSO,USD,2022-08-18,305.8,306.48,302.41,305.48,1581,422,305.267
US9426222009,13904,WSO,USD,2022-08-19,302.03,302.03,293.62,294.62,4343,988,295.523
US9426222009,13904,WSO,USD,2022-08-22,289.84,291.92,287.16,287.16,3580,1049,290.035
US9426222009,13904,WSO,USD,2022-08-23,287.75,288.98,284.42,284.83,2085,529,285.707
US9426222009,13904,WSO,USD,2022-08-24,283.54,288.96,283.01,287.39,3405,681,286.288
US9426222009,13904,WSO,USD,2022-08-25,289.17,291.89,288.05,291.72,1891,452,291.293
US9426222009,13904,WSO,USD,2022-08-26,291.69,292.21,283.66,284.5,3397,957,285.406
US9426222009,13904,WSO,USD,2022-08-29,280.0,284.64,279.02,280.59,3084,650,281.112
US9426222009,13904,WSO,USD,2022-08-30,282.74,282.74,276.15,276.94,2261,589,277.893
US9426222009,13904,WSO,USD,2022-08-31,276.54,276.68,267.0,267.0,2571,529,272.358
US9426222009,13904,WSO,USD,2022-09-01,268.87,274.16,268.87,273.99,2888,723,272.691
US9426222009,13904,WSO,USD,2022-09-02,275.34,279.34,270.57,273.7,2890,754,274.323
US9426222009,13904,WSO,USD,2022-09-06,274.61,277.55,272.35,276.83,3982,1121,275.775
US9426222009,13904,WSO,USD,2022-09-07,276.09,285.76,275.47,284.51,2619,738,283.04
US9426222009,13904,WSO,USD,2022-09-08,283.4,285.78,281.1,285.6,2612,703,284.024
US9426222009,13904,WSO,USD,2022-09-09,287.29,288.59,284.57,285.99,1954,551,286.178
US9426222009,13904,WSO,USD,2022-09-12,287.52,288.51,284.15,286.83,2337,671,285.979
US9426222009,13904,WSO,USD,2022-09-13,280.96,282.01,274.25,276.07,2790,691,276.778
US9426222009,13904,WSO,USD,2022-09-14,276.88,278.21,271.73,274.68,2244,586,274.795
US9426222009,13904,WSO,USD,2022-09-15,273.4,275.52,270.49,272.24,2198,577,272.218
US9426222009,13904,WSO,USD,2022-09-16,269.36,270.44,267.08,269.93,6404,586,269.589
US9426222009,13904,WSO,USD,2022-09-19,267.48,273.84,267.48,273.52,1903,577,272.315
US9426222009,13904,WSO,USD,2022-09-20,270.02,273.12,267.25,271.0,5799,1280,270.685
US9426222009,13904,WSO,USD,2022-09-21,273.52,277.86,265.62,265.62,2321,679,270.033
US9426222009,13904,WSO,USD,2022-09-22,264.72,264.72,255.38,255.86,4621,1207,257.672
US9426222009,13904,WSO,USD,2022-09-23,252.83,255.03,250.24,252.93,3498,1052,252.515
US9426222009,13904,WSO,USD,2022-09-26,252.28,256.48,251.21,253.77,3896,1005,253.922
US9426222009,13904,WSO,USD,2022-09-27,254.97,258.42,253.35,257.02,4021,1107,256.171
US9426222009,13904,WSO,USD,2022-09-28,259.58,270.13,257.41,267.27,4753,1239,266.565
US9426222009,13904,WSO,USD,2022-09-29,264.27,265.89,254.14,256.03,6039,1498,259.191
US9426222009,13904,WSO,USD,2022-09-30,256.73,264.11,254.33,257.46,4726,1012,258.904
US9426222009,13904,WSO,USD,2022-10-03,261.69,267.59,259.67,265.41,4052,894,265.278
US9426222009,13904,WSO,USD,2022-10-04,270.06,275.69,269.61,274.54,3197,908,273.978
US9426222009,13904,WSO,USD,2022-10-05,270.07,277.1,269.66,274.1,3113,739,273.475
US9426222009,13904,WSO,USD,2022-10-06,272.26,274.26,266.0,268.19,4404,942,268.702
US9426222009,13904,WSO,USD,2022-10-07,265.11,265.38,256.43,258.48,3828,1038,258.407
US9426222009,13904,WSO,USD,2022-10-10,260.07,263.26,259.06,260.98,1574,434,261.271
US9426222009,13904,WSO,USD,2022-10-11,260.21,267.59,259.88,264.23,3283,803,264.221
US9426222009,13904,WSO,USD,2022-10-12,264.28,266.96,262.74,263.34,5058,1623,265.24
US9426222009,13904,WSO,USD,2022-10-13,255.51,260.47,243.07,257.59,12324,3443,253.986
US9426222009,13904,WSO,USD,2022-10-14,256.24,258.6,241.09,241.47,7579,2023,245.844
US9426222009,13904,WSO,USD,2022-10-17,241.45,254.01,241.45,250.72,6638,1951,250.548
US9426222009,13904,WSO,USD,2022-10-18,257.6,260.62,253.64,257.28,6460,1953,256.788
US9426222009,13904,WSO,USD,2022-10-19,257.28,257.28,239.54,246.38,11615,3331,245.471
US9426222009,13904,WSO,USD,2022-10-20,242.25,248.73,228.61,238.59,16244,4552,238.823
US9426222009,13904,WSO,USD,2022-10-21,239.55,249.25,238.54,248.33,6483,1912,244.819
US9426222009,13904,WSO,USD,2022-10-24,250.81,254.17,248.49,252.38,4116,1247,251.89
US9426222009,13904,WSO,USD,2022-10-25,252.6,261.47,252.14,260.19,3582,1016,258.524
US9426222009,13904,WSO,USD,2022-10-26,261.26,263.52,257.62,261.06,3303,904,260.806
US9426222009,13904,WSO,USD,2022-10-27,263.49,267.19,261.58,262.67,6126,1340,263.602
US9426222009,13904,WSO,USD,2022-10-28,263.73,271.63,262.91,271.62,2411,651,269.426
US9426222009,13904,WSO,USD,2022-10-31,268.95,272.84,268.95,270.96,3793,813,271.046
US9426222009,13904,WSO,USD,2022-11-01,272.89,274.91,268.08,272.6,3075,659,272.659
US9426222009,13904,WSO,USD,2022-11-02,272.01,275.83,266.38,266.87,7224,1727,271.041
US9426222009,13904,WSO,USD,2022-11-03,262.72,265.35,260.93,261.08,4369,1277,263.058
US9426222009,13904,WSO,USD,2022-11-04,265.26,266.29,256.78,261.96,2873,892,261.311
US9426222009,13904,WSO,USD,2022-11-07,264.59,264.59,258.63,262.87,3723,1102,261.156
US9426222009,13904,WSO,USD,2022-11-08,265.32,265.32,259.47,262.56,4128,1133,262.951
US9426222009,13904,WSO,USD,2022-11-09,261.02,262.08,253.59,254.01,6126,1932,256.535
US9426222009,13904,WSO,USD,2022-11-10,265.06,283.08,265.06,281.51,7375,1985,277.873
US9426222009,13904,WSO,USD,2022-11-11,279.25,283.16,274.0,277.88,5054,1397,278.132
US9426222009,13904,WSO,USD,2022-11-14,277.95,285.76,276.33,280.09,5936,1707,281.559
US9426222009,13904,WSO,USD,2022-11-15,284.79,287.2,280.61,283.23,2777,795,283.328
US9426222009,13904,WSO,USD,2022-11-16,281.58,282.93,275.7,276.24,2567,651,278.006
US9426222009,13904,WSO,USD,2022-11-17,272.44,274.59,266.88,274.17,2998,768,272.108
US9426222009,13904,WSO,USD,2022-11-18,277.39,279.32,272.92,275.3,5230,1076,274.984
US9426222009,13904,WSO,USD,2022-11-21,274.15,278.37,273.45,276.36,2049,587,275.994
US9426222009,13904,WSO,USD,2022-11-22,278.97,281.78,276.02,279.34,2095,551,278.977
US9426222009,13904,WSO,USD,2022-11-23,278.63,281.23,276.69,279.01,2184,600,278.825
US9426222009,13904,WSO,USD,2022-11-25,278.21,280.7,276.33,278.74,840,231,278.762
US9426222009,13904,WSO,USD,2022-11-28,277.53,277.65,268.55,269.96,2266,569,272.238
US9426222009,13904,WSO,USD,2022-11-29,269.15,270.25,264.58,269.3,2557,703,268.334
US9426222009,13904,WSO,USD,2022-11-30,267.72,269.02,256.9,268.98,6378,1493,264.45
US9426222009,13904,WSO,USD,2022-12-01,268.41,272.94,266.1,269.94,4951,1149,269.591
US9426222009,13904,WSO,USD,2022-12-02,266.83,269.31,263.61,266.4,2692,733,266.826
US9426222009,13904,WSO,USD,2022-12-05,262.92,262.92,255.7,257.06,4500,1279,257.79
US9426222009,13904,WSO,USD,2022-12-06,257.52,257.52,249.86,253.91,4712,1330,252.789
US9426222009,13904,WSO,USD,2022-12-07,255.01,259.36,253.26,256.66,2177,536,256.83
US9426222009,13904,WSO,USD,2022-12-08,255.94,264.73,255.94,263.8,3542,1009,262.67
US9426222009,13904,WSO,USD,2022-12-09,263.46,265.51,262.43,262.96,2229,556,263.577
US9426222009,13904,WSO,USD,2022-12-12,264.76,267.14,262.8,266.33,2522,639,265.398
US9426222009,13904,WSO,USD,2022-12-13,276.4,278.56,265.49,268.67,4486,1045,270.633
US9426222009,13904,WSO,USD,2022-12-14,268.24,271.52,263.77,266.23,2188,594,267.414
US9426222009,13904,WSO,USD,2022-12-15,261.25,262.18,255.76,258.19,2779,709,258.355
US9426222009,13904,WSO,USD,2022-12-16,255.47,258.62,252.46,255.35,6509,782,255.023
US9426222009,13904,WSO,USD,2022-12-19,255.73,256.33,248.56,251.32,3152,786,251.867
US9426222009,13904,WSO,USD,2022-12-20,250.05,253.16,248.94,251.49,2762,754,250.855
US9426222009,13904,WSO,USD,2022-12-21,253.16,254.79,251.36,254.68,3463,876,253.408
US9426222009,13904,WSO,USD,2022-12-22,251.6,252.16,243.38,249.03,3427,884,247.782
US9426222009,13904,WSO,USD,2022-12-23,249.62,253.85,249.62,252.17,3089,870,252.222
US9426222009,13904,WSO,USD,2022-12-27,251.96,253.82,248.69,252.67,1792,317,252.299
US9426222009,13904,WSO,USD,2022-12-28,253.28,253.77,246.83,247.0,2871,683,248.362
US9426222009,13904,WSO,USD,2022-12-29,248.99,254.29,247.29,252.55,2111,380,252.428
US9426222009,13904,WSO,USD,2022-12-30,250.64,251.0,246.66,249.4,4531,1248,248.62
US9426222009,13904,WSO,USD,2023-01-03,253.96,256.28,251.49,255.38,3796,919,254.184
US9426222009,13904,WSO,USD,2023-01-04,256.33,260.74,254.23,260.54,4307,1073,258.608
US9426222009,13904,WSO,USD,2023-01-05,258.82,258.82,252.29,255.85,5109,1117,255.224
US9426222009,13904,WSO,USD,2023-01-06,259.06,262.71,255.83,262.31,2860,832,260.558
US9426222009,13904,WSO,USD,2023-01-09,264.15,270.87,262.06,265.25,5212,1403,265.915
US9426222009,13904,WSO,USD,2023-01-10,263.09,271.96,263.09,271.7,2892,832,268.56
US9426222009,13904,WSO,USD,2023-01-11,272.33,278.6,272.12,276.97,3588,823,276.81
US9426222009,13904,WSO,USD,2023-01-12,278.14,280.96,273.37,274.9,4738,1018,275.18
US9426222009,13904,WSO,USD,2023-01-13,269.88,276.19,269.88,275.46,2235,553,274.835
US9426222009,13904,WSO,USD,2023-01-17,276.1,276.88,272.29,273.34,2120,523,274.019
US9426222009,13904,WSO,USD,2023-01-18,273.97,275.77,270.99,271.73,3517,1038,272.611
US9426222009,13904,WSO,USD,2023-01-19,270.74,272.94,261.85,262.28,2874,832,264.414
US9426222009,13904,WSO,USD,2023-01-20,263.38,271.1,261.25,270.95,3396,933,268.948
US9426222009,13904,WSO,USD,2023-01-23,272.58,276.08,271.78,274.0,4058,795,274.076
US9426222009,13904,WSO,USD,2023-01-24,271.37,275.4,270.04,275.0,3080,593,274.665
US9426222009,13904,WSO,USD,2023-01-25,272.69,273.62,269.57,272.45,3097,851,272.265
US9426222009,13904,WSO,USD,2023-01-26,274.68,276.85,271.17,275.72,2518,738,274.769
US9426222009,13904,WSO,USD,2023-01-27,276.02,282.86,275.82,282.23,3237,873,280.88
US9426222009,13904,WSO,USD,2023-01-30,279.97,283.11,274.89,275.5,2390,647,277.494
US9426222009,13904,WSO,USD,2023-01-31,275.97,287.8,274.61,287.37,4787,1239,283.297
US9426222009,13904,WSO,USD,2023-02-01,285.83,301.72,285.49,300.37,6472,1893,296.115
US9426222009,13904,WSO,USD,2023-02-02,304.54,318.87,302.56,316.64,8503,2480,313.383
US9426222009,13904,WSO,USD,2023-02-03,311.24,319.84,311.0,314.18,3386,870,314.994
US9426222009,13904,WSO,USD,2023-02-06,312.0,314.08,303.11,305.12,4389,1268,305.637
US9426222009,13904,WSO,USD,2023-02-07,302.61,302.94,292.34,296.87,12061,3044,298.682
US9426222009,13904,WSO,USD,2023-02-08,295.31,299.93,294.17,294.41,3032,877,296.753
US9426222009,13904,WSO,USD,2023-02-09,295.72,298.88,294.66,295.2,3425,1064,296.342
US9426222009,13904,WSO,USD,2023-02-10,293.28,296.86,292.35,294.43,2262,590,294.348
US9426222009,13904,WSO,USD,2023-02-13,295.02,300.69,295.0,299.29,2440,657,299.165
US9426222009,13904,WSO,USD,2023-02-14,298.25,302.99,295.7,301.54,2804,829,300.247
US9426222009,13904,WSO,USD,2023-02-15,300.43,308.76,298.29,307.62,6998,2006,306.287
US9426222009,13904,WSO,USD,2023-02-16,313.5,343.85,310.03,324.66,14304,4059,329.946
US9426222009,13904,WSO,USD,2023-02-17,324.51,326.07,315.15,323.94,5128,1079,321.145
US9426222009,13904,WSO,USD,2023-02-21,318.56,319.38,305.63,306.3,5513,1318,308.539
US9426222009,13904,WSO,USD,2023-02-22,307.48,308.44,303.16,305.44,3848,1070,305.799
US9426222009,13904,WSO,USD,2023-02-23,306.24,307.96,300.57,304.96,5349,1195,303.778
US9426222009,13904,WSO,USD,2023-02-24,301.26,303.5,298.09,300.22,4785,1306,300.831
US9426222009,13904,WSO,USD,2023-02-27,303.87,309.89,303.35,304.99,2356,469,306.315
US9426222009,13904,WSO,USD,2023-02-28,304.87,308.06,303.18,304.71,3040,662,305.221
US9426222009,13904,WSO,USD,2023-03-01,304.67,307.95,301.14,302.18,3710,989,303.458
US9426222009,13904,WSO,USD,2023-03-02,300.18,308.86,299.65,308.45,3066,827,306.059
US9426222009,13904,WSO,USD,2023-03-03,310.53,314.44,307.38,314.03,2550,760,312.857
US9426222009,13904,WSO,USD,2023-03-06,313.76,315.99,308.58,309.51,3301,650,311.224
US9426222009,13904,WSO,USD,2023-03-07,309.12,311.49,304.73,304.9,2312,549,306.821
US9426222009,13904,WSO,USD,2023-03-08,304.74,308.61,303.94,306.73,1661,405,306.264
US9426222009,13904,WSO,USD,2023-03-09,307.11,308.35,300.7,302.1,2640,703,303.506
US9426222009,13904,WSO,USD,2023-03-10,302.05,302.05,290.29,293.04,4354,1126,294.377
US9426222009,13904,WSO,USD,2023-03-13,289.8,295.58,284.05,294.15,3995,1170,293.152
US9426222009,13904,WSO,USD,2023-03-14,299.57,302.48,293.02,298.0,4773,945,297.505
US9426222009,13904,WSO,USD,2023-03-15,293.8,303.75,291.91,300.45,9722,2471,299.195
US9426222009,13904,WSO,USD,2023-03-16,299.82,304.51,295.14,302.52,3750,1012,300.836
US9426222009,13904,WSO,USD,2023-03-17,301.91,301.91,293.25,295.8,14241,1397,296.091
US9426222009,13904,WSO,USD,2023-03-20,297.4,302.08,295.7,300.2,3278,826,299.899
US9426222009,13904,WSO,USD,2023-03-21,303.46,304.99,299.66,303.5,2973,657,302.569
US9426222009,13904,WSO,USD,2023-03-22,302.47,304.52,293.87,294.35,2871,717,297.944
US9426222009,13904,WSO,USD,2023-03-23,294.19,301.34,293.36,294.99,2593,661,296.328
US9426222009,13904,WSO,USD,2023-03-24,294.35,299.93,290.74,299.63,2486,699,297.99
US9426222009,13904,WSO,USD,2023-03-27,301.33,308.36,300.19,306.57,4575,1336,305.798
US9426222009,13904,WSO,USD,2023-03-28,306.59,314.62,305.34,312.89,6205,1855,311.706
US9426222009,13904,WSO,USD,2023-03-29,316.2,318.6,314.18,316.6,3711,980,316.489
US9426222009,13904,WSO,USD,2023-03-30,318.95,319.63,312.66,315.25,3776,932,315.101
US9426222009,13904,WSO,USD,2023-03-31,316.58,319.61,315.68,318.16,3610,697,317.881
US9426222009,13904,WSO,USD,2023-04-03,316.8,320.32,314.21,320.2,5853,1362,318.27
US9426222009,13904,WSO,USD,2023-04-04,322.23,322.23,306.98,310.65,4087,966,310.199
US9426222009,13904,WSO,USD,2023-04-05,308.9,311.77,302.75,307.31,11418,2680,307.008
US9426222009,13904,WSO,USD,2023-04-06,305.63,307.89,301.56,301.84,3533,874,303.917
US9426222009,13904,WSO,USD,2023-04-10,298.44,307.53,298.44,306.78,3845,1069,305.564
US9426222009,13904,WSO,USD,2023-04-11,306.89,316.44,306.89,310.58,3962,1093,312.896
US9426222009,13904,WSO,USD,2023-04-12,313.27,317.49,311.56,313.51,4591,1110,313.792
US9426222009,13904,WSO,USD,2023-04-13,313.51,318.3,309.17,315.75,3822,1062,315.017
US9426222009,13904,WSO,USD,2023-04-14,312.67,315.0,310.62,311.97,3956,1049,312.291
US9426222009,13904,WSO,USD,2023-04-17,313.82,316.33,310.19,311.92,5129,1126,312.355
US9426222009,13904,WSO,USD,2023-04-18,315.55,318.92,313.27,318.51,7242,1500,316.757
US9426222009,13904,WSO,USD,2023-04-19,319.29,321.38,314.86,316.58,8944,1909,317.256
US9426222009,13904,WSO,USD,2023-04-20,343.29,356.6,326.82,342.93,14652,4174,337.104
US9426222009,13904,WSO,USD,2023-04-21,344.66,345.11,336.76,338.42,6022,1568,338.852
US9426222009,13904,WSO,USD,2023-04-24,339.83,344.28,336.0,338.64,3702,970,338.476
US9426222009,13904,WSO,USD,2023-04-25,338.33,346.47,335.68,346.18,6066,1805,344.343
US9426222009,13904,WSO,USD,2023-04-26,342.53,345.21,336.14,337.48,3265,816,339.495
US9426222009,13904,WSO,USD,2023-04-27,340.89,349.81,338.42,349.68,4738,1176,347.22
US9426222009,13904,WSO,USD,2023-04-28,349.69,350.34,344.7,346.38,4766,1248,346.343
US9426222009,13904,WSO,USD,2023-05-01,346.8,350.0,343.53,344.76,4476,999,345.47
US9426222009,13904,WSO,USD,2023-05-02,342.81,344.6,336.07,339.88,4403,1064,339.355
US9426222009,13904,WSO,USD,2023-05-03,341.08,344.93,338.2,338.78,4305,953,339.876
US9426222009,13904,WSO,USD,2023-05-04,336.65,337.93,332.22,336.57,2620,615,335.982
US9426222009,13904,WSO,USD,2023-05-05,339.68,342.51,333.8,336.71,3590,1072,336.11
US9426222009,13904,WSO,USD,2023-05-08,336.46,337.83,333.24,336.27,2889,608,335.907
US9426222009,13904,WSO,USD,2023-05-09,336.29,338.53,333.74,336.6,2670,638,336.863
US9426222009,13904,WSO,USD,2023-05-10,340.23,341.98,333.46,339.51,4736,622,338.813
US9426222009,13904,WSO,USD,2023-05-11,335.96,345.5,335.46,345.5,4422,1133,338.63
US9426222009,13904,WSO,USD,2023-05-12,339.36,344.87,331.52,337.15,4404,1160,336.236
US9426222009,13904,WSO,USD,2023-05-15,336.59,337.93,334.15,335.77,2188,534,336.108
US9426222009,13904,WSO,USD,2023-05-16,331.44,336.33,328.64,333.25,2927,722,333.73
US9426222009,13904,WSO,USD,2023-05-17,334.19,334.98,332.06,334.79,2339,696,333.873
US9426222009,13904,WSO,USD,2023-05-18,334.26,341.13,333.3,340.42,1820,503,338.568
US9426222009,13904,WSO,USD,2023-05-19,341.99,342.0,334.35,336.56,4361,1250,336.285
US9426222009,13904,WSO,USD,2023-05-22,336.31,336.31,326.85,327.62,6444,1872,329.745
US9426222009,13904,WSO,USD,2023-05-23,324.6,325.92,316.91,319.92,6269,1796,320.675
US9426222009,13904,WSO,USD,2023-05-24,320.0,323.53,315.17,321.85,7013,2039,319.969
US9426222009,13904,WSO,USD,2023-05-25,322.42,327.0,320.4,321.83,6519,1745,322.75
US9426222009,13904,WSO,USD,2023-05-26,322.43,326.01,318.89,325.65,4339,1029,324.12
US9426222009,13904,WSO,USD,2023-05-30,326.13,335.06,326.13,331.04,6874,1972,331.933
US9426222009,13904,WSO,USD,2023-05-31,332.73,333.31,323.58,323.75,37226,2740,325.004
US9426222009,13904,WSO,USD,2023-06-01,322.49,327.26,318.53,327.18,5824,1299,324.916
US9426222009,13904,WSO,USD,2023-06-02,329.2,340.81,328.97,340.76,3147,867,337.802
US9426222009,13904,WSO,USD,2023-06-05,339.38,343.63,336.86,339.63,6152,1477,340.498
US9426222009,13904,WSO,USD,2023-06-06,337.67,346.88,333.88,345.02,5264,1541,343.12
US9426222009,13904,WSO,USD,2023-06-07,346.08,350.46,344.95,348.44,4485,1061,348.107
US9426222009,13904,WSO,USD,2023-06-08,350.39,351.16,344.84,349.17,4029,1134,348.569
US9426222009,13904,WSO,USD,2023-06-09,350.0,352.69,345.04,351.83,3555,941,350.5
US9426222009,13904,WSO,USD,2023-06-12,353.72,360.82,350.9,357.73,7638,729,357.106
US9426222009,13904,WSO,USD,2023-06-13,359.01,364.16,359.01,363.18,4390,1131,362.397
US9426222009,13904,WSO,USD,2023-06-14,362.73,365.9,356.84,361.5,5881,1218,361.68
US9426222009,13904,WSO,USD,2023-06-15,361.59,367.74,358.34,365.0,3477,910,366.057
US9426222009,13904,WSO,USD,2023-06-16,367.41,370.06,365.42,366.58,7923,1096,367.037
US9426222009,13904,WSO,USD,2023-06-20,365.41,365.41,354.09,358.46,11013,2441,357.641
US9426222009,13904,WSO,USD,2023-06-21,357.97,363.96,356.24,362.02,3713,724,361.744
US9426222009,13904,WSO,USD,2023-06-22,360.95,363.44,358.25,361.83,4163,1087,360.868
US9426222009,13904,WSO,USD,2023-06-23,358.43,366.31,358.43,365.27,6065,790,364.82
US9426222009,13904,WSO,USD,2023-06-26,364.27,368.39,359.97,363.05,6713,1641,363.313
US9426222009,13904,WSO,USD,2023-06-27,364.17,376.05,363.0,376.04,4601,1177,372.984
US9426222009,13904,WSO,USD,2023-06-28,375.25,379.96,370.25,376.67,6257,1294,377.105
US9426222009,13904,WSO,USD,2023-06-29,376.77,379.0,373.51,377.45,3779,1031,376.603
US9426222009,13904,WSO,USD,2023-06-30,380.51,383.83,376.01,381.47,5247,1197,380.436
US9426222009,13904,WSO,USD,2023-07-03,381.47,382.32,376.52,377.95,2349,588,379.271
US9426222009,13904,WSO,USD,2023-07-05,374.75,380.63,371.66,378.02,4714,1274,377.921
US9426222009,13904,WSO,USD,2023-07-06,375.5,375.5,367.0,372.77,4165,1036,371.248
US9426222009,13904,WSO,USD,2023-07-07,371.72,378.14,370.28,370.38,4522,1014,373.332
US9426222009,13904,WSO,USD,2023-07-10,366.0,374.92,364.15,374.83,7854,1752,371.193
US9426222009,13904,WSO,USD,2023-07-11,375.78,379.89,366.29,368.78,7379,2218,370.536
US9426222009,13904,WSO,USD,2023-07-12,370.99,377.36,364.13,371.71,5480,1329,370.354
US9426222009,13904,WSO,USD,2023-07-13,368.68,371.69,363.84,368.85,4805,1060,368.527
US9426222009,13904,WSO,USD,2023-07-14,367.0,367.0,361.69,364.65,6554,1439,364.116
US9426222009,13904,WSO,USD,2023-07-17,364.84,372.13,363.24,371.04,2551,653,369.539
US9426222009,13904,WSO,USD,2023-07-18,370.0,374.07,368.23,370.93,2532,684,370.784
US9426222009,13904,WSO,USD,2023-07-19,368.91,369.46,365.69,369.35,3035,530,368.693
US9426222009,13904,WSO,USD,2023-07-20,368.73,369.78,365.66,367.88,4553,1168,367.599
US9426222009,13904,WSO,USD,2023-07-21,367.28,370.09,366.0,366.21,2604,471,366.904
US9426222009,13904,WSO,USD,2023-07-24,366.1,371.1,362.64,366.99,3267,782,366.245
US9426222009,13904,WSO,USD,2023-07-25,365.12,370.41,364.18,367.65,2654,366,367.873
US9426222009,13904,WSO,USD,2023-07-26,365.34,373.21,365.34,372.99,2973,692,371.032
US9426222009,13904,WSO,USD,2023-07-27,371.7,373.51,365.75,369.33,4231,1064,369.26
US9426222009,13904,WSO,USD,2023-07-28,372.41,376.92,370.08,376.41,4056,1168,375.196
US9426222009,13904,WSO,USD,2023-07-31,378.75,379.18,374.75,378.19,5097,1375,377.594
US9426222009,13904,WSO,USD,2023-08-01,356.78,380.17,356.39,376.95,9778,2454,373.257
US9426222009,13904,WSO,USD,2023-08-02,375.37,375.37,357.54,359.5,7996,2098,361.992
US9426222009,13904,WSO,USD,2023-08-03,355.01,363.4,353.29,362.22,4020,1035,360.335
US9426222009,13904,WSO,USD,2023-08-04,364.13,365.18,358.12,359.73,2748,673,360.664
US9426222009,13904,WSO,USD,2023-08-07,361.9,365.23,360.63,363.79,2821,762,363.037
US9426222009,13904,WSO,USD,2023-08-08,361.6,361.6,355.81,360.59,3330,951,359.262
US9426222009,13904,WSO,USD,2023-08-09,360.34,360.34,355.29,357.53,2313,596,357.609
US9426222009,13904,WSO,USD,2023-08-10,357.71,361.97,354.94,355.44,2162,487,356.78
US9426222009,13904,WSO,USD,2023-08-11,355.53,359.27,353.11,358.01,1974,482,357.328
US9426222009,13904,WSO,USD,2023-08-14,356.9,362.43,356.4,361.46,2314,655,360.542
US9426222009,13904,WSO,USD,2023-08-15,359.58,365.06,358.3,360.7,2607,683,361.812
US9426222009,13904,WSO,USD,2023-08-16,360.64,364.67,350.79,351.93,2813,778,354.576
US9426222009,13904,WSO,USD,2023-08-17,352.03,352.91,339.86,341.03,6004,1207,342.408
US9426222009,13904,WSO,USD,2023-08-18,338.99,345.56,337.58,344.63,3493,893,343.903
US9426222009,13904,WSO,USD,2023-08-21,346.57,351.47,342.94,349.62,3502,973,348.448
US9426222009,13904,WSO,USD,2023-08-22,350.53,352.54,346.03,349.08,2864,755,348.242
US9426222009,13904,WSO,USD,2023-08-23,350.31,351.93,346.19,350.81,3231,777,350.077
US9426222009,13904,WSO,USD,2023-08-24,350.59,353.34,346.18,346.37,1462,300,348.116
US9426222009,13904,WSO,USD,2023-08-25,348.04,350.47,344.27,349.65,1530,372,348.781
US9426222009,13904,WSO,USD,2023-08-28,350.43,354.2,350.43,352.92,2031,510,352.666
US9426222009,13904,WSO,USD,2023-08-29,351.02,362.14,349.11,361.55,2192,539,359.259
US9426222009,13904,WSO,USD,2023-08-30,362.92,365.38,360.13,363.81,4172,583,363.651
US9426222009,13904,WSO,USD,2023-08-31,363.89,368.29,361.34,364.55,5253,719,364.815
US9426222009,13904,WSO,USD,2023-09-01,366.13,367.31,361.45,365.23,2981,599,364.315
US9426222009,13904,WSO,USD,2023-09-05,361.82,362.92,347.28,351.44,3757,972,351.669
US9426222009,13904,WSO,USD,2023-09-06,352.32,358.73,351.62,354.92,3191,806,355.245
US9426222009,13904,WSO,USD,2023-09-07,352.44,355.01,349.18,350.15,6124,1430,353.059
US9426222009,13904,WSO,USD,2023-09-08,351.76,352.03,347.78,349.49,3000,683,349.606
US9426222009,13904,WSO,USD,2023-09-11,350.72,352.06,346.55,351.02,4258,1132,350.403
US9426222009,13904,WSO,USD,2023-09-12,349.02,351.79,343.65,345.62,4127,1080,346.378
US9426222009,13904,WSO,USD,2023-09-13,344.96,348.27,340.84,345.92,3840,917,345.52
US9426222009,13904,WSO,USD,2023-09-14,348.79,356.06,348.03,355.96,4139,1197,353.469
US9426222009,13904,WSO,USD,2023-09-15,353.85,353.85,347.68,352.66,10818,753,352.419
US9426222009,13904,WSO,USD,2023-09-18,353.15,359.52,351.74,358.6,5082,925,358.057
US9426222009,13904,WSO,USD,2023-09-19,358.23,360.0,354.4,355.85,5008,737,356.237
US9426222009,13904,WSO,USD,2023-09-20,357.09,363.32,356.55,356.57,2544,649,359.452
US9426222009,13904,WSO,USD,2023-09-21,353.68,353.97,345.78,346.47,4239,1005,347.967
US9426222009,13904,WSO,USD,2023-09-22,347.86,363.46,347.86,356.38,5898,1703,357.994
US9426222009,13904,WSO,USD,2023-09-25,355.14,363.29,353.89,360.02,4185,1193,359.491
US9426222009,13904,WSO,USD,2023-09-26,360.5,360.5,354.84,355.72,4237,1141,356.712
US9426222009,13904,WSO,USD,2023-09-27,358.86,380.19,356.95,377.74,11264,3008,373.402
US9426222009,13904,WSO,USD,2023-09-28,377.53,386.4,375.63,380.37,8475,2130,381.91
US9426222009,13904,WSO,USD,2023-09-29,381.82,384.25,376.1,377.35,4573,1110,379.063
US9426222009,13904,WSO,USD,2023-10-02,377.72,380.37,374.67,375.55,2846,693,376.336
US9426222009,13904,WSO,USD,2023-10-03,374.91,379.72,370.0,370.14,7632,2257,372.05
US9426222009,13904,WSO,USD,2023-10-04,372.91,383.87,372.44,383.52,3930,845,380.47
US9426222009,13904,WSO,USD,2023-10-05,382.78,387.65,378.44,384.86,9766,1120,384.491
US9426222009,13904,WSO,USD,2023-10-06,381.06,393.06,379.88,387.93,6720,1261,387.533
US9426222009,13904,WSO,USD,2023-10-09,387.43,396.73,385.91,396.2,3550,802,393.105
US9426222009,13904,WSO,USD,2023-10-10,398.45,406.08,396.47,399.23,5561,1452,401.769
US9426222009,13904,WSO,USD,2023-10-11,399.82,403.94,395.0,402.72,4887,1156,400.624
US9426222009,13904,WSO,USD,2023-10-12,404.61,405.19,393.19,397.01,4469,1159,398.71
US9426222009,13904,WSO,USD,2023-10-13,397.01,398.87,381.1,382.75,7366,2049,385.716
US9426222009,13904,WSO,USD,2023-10-16,381.54,386.33,378.64,382.34,5623,1461,382.363
US9426222009,13904,WSO,USD,2023-10-17,381.02,386.09,377.83,385.87,5980,1422,384.691
US9426222009,13904,WSO,USD,2023-10-18,382.21,383.91,368.12,368.17,7323,2005,371.682
US9426222009,13904,WSO,USD,2023-10-19,361.68,370.33,351.4,353.97,16131,4464,357.179
US9426222009,13904,WSO,USD,2023-10-20,352.76,356.13,346.12,347.61,4865,1262,349.316
US9426222009,13904,WSO,USD,2023-10-23,347.8,353.43,342.41,343.49,6448,1752,347.301
US9426222009,13904,WSO,USD,2023-10-24,346.64,349.1,344.19,347.14,5390,1429,346.505
US9426222009,13904,WSO,USD,2023-10-25,346.27,348.75,338.58,340.51,3246,848,340.96
US9426222009,13904,WSO,USD,2023-10-26,342.21,348.05,341.97,344.93,6567,1405,344.481
US9426222009,13904,WSO,USD,2023-10-27,342.92,344.34,340.52,342.97,2911,593,342.758
US9426222009,13904,WSO,USD,2023-10-30,346.88,348.49,343.04,346.28,3020,779,346.428
US9426222009,13904,WSO,USD,2023-10-31,345.35,351.39,344.82,348.89,2785,647,348.723
US9426222009,13904,WSO,USD,2023-11-01,348.49,358.18,346.25,358.16,4962,1016,355.244
US9426222009,13904,WSO,USD,2023-11-02,363.83,367.73,359.59,361.02,3041,836,362.585
US9426222009,13904,WSO,USD,2023-11-03,366.98,373.52,366.84,368.07,3532,908,369.353
US9426222009,13904,WSO,USD,2023-11-06,367.45,369.69,362.07,366.37,2906,677,365.91
US9426222009,13904,WSO,USD,2023-11-07,364.69,372.67,362.26,371.6,2168,565,370.043
US9426222009,13904,WSO,USD,2023-11-08,371.81,376.71,371.38,374.31,2204,567,373.985
US9426222009,13904,WSO,USD,2023-11-09,376.31,379.89,370.88,370.94,2556,605,373.273
US9426222009,13904,WSO,USD,2023-11-10,373.43,376.51,368.77,376.43,3125,744,374.431
US9426222009,13904,WSO,USD,2023-11-13,376.05,377.2,372.63,374.76,2258,576,375.05
US9426222009,13904,WSO,USD,2023-11-14,383.33,391.29,382.53,389.72,4019,1017,389.566
US9426222009,13904,WSO,USD,2023-11-15,389.72,392.02,381.31,381.88,4310,971,384.492
US9426222009,13904,WSO,USD,2023-11-16,383.24,385.13,378.92,383.47,4002,893,382.028
US9426222009,13904,WSO,USD,2023-11-17,383.47,390.27,382.27,389.98,2785,525,388.725
US9426222009,13904,WSO,USD,2023-11-20,389.13,392.29,383.24,390.23,2276,592,389.684
US9426222009,13904,WSO,USD,2023-11-21,389.69,395.5,389.69,392.74,3067,664,393.303
US9426222009,13904,WSO,USD,2023-11-22,392.33,395.57,390.88,392.4,1708,299,392.906
US9426222009,13904,WSO,USD,2023-11-24,391.66,396.27,391.66,395.23,756,171,394.798
US9426222009,13904,WSO,USD,2023-11-27,392.4,395.63,389.94,393.65,2546,496,393.598
US9426222009,13904,WSO,USD,2023-11-28,391.0,391.99,376.81,378.76,7710,1119,379.993
US9426222009,13904,WSO,USD,2023-11-29,382.57,384.06,379.6,380.45,3209,642,381.3
US9426222009,13904,WSO,USD,2023-11-30,380.43,382.94,377.89,382.23,4639,666,381.85
US9426222009,13904,WSO,USD,2023-12-01,383.33,396.74,383.33,396.25,5330,782,394.962
US9426222009,13904,WSO,USD,2023-12-04,393.05,404.32,390.25,395.87,3190,663,395.411
US9426222009,13904,WSO,USD,2023-12-05,396.92,398.98,392.97,395.07,1708,348,395.448
US9426222009,13904,WSO,USD,2023-12-06,396.47,403.5,396.47,399.2,2033,398,399.898
US9426222009,13904,WSO,USD,2023-12-07,398.4,404.0,397.91,404.0,1690,321,401.757
US9426222009,13904,WSO,USD,2023-12-08,404.41,413.65,404.41,411.85,3233,563,411.476
US9426222009,13904,WSO,USD,2023-12-11,412.32,415.64,412.2,413.58,2874,714,413.739
US9426222009,13904,WSO,USD,2023-12-12,413.44,414.55,410.05,412.58,2919,673,412.333
US9426222009,13904,WSO,USD,2023-12-13,411.93,411.93,391.42,408.22,6030,1279,403.892
US9426222009,13904,WSO,USD,2023-12-14,413.0,421.0,410.42,417.0,5906,1256,416.202
US9426222009,13904,WSO,USD,2023-12-15,415.56,424.01,413.28,421.15,7502,781,420.657
US9426222009,13904,WSO,USD,2023-12-18,422.0,428.02,421.22,426.03,2389,565,425.295
US9426222009,13904,WSO,USD,2023-12-19,430.13,433.19,422.11,423.3,2315,395,425.03
US9426222009,13904,WSO,USD,2023-12-20,422.31,428.36,417.04,417.65,3415,715,421.128
US9426222009,13904,WSO,USD,2023-12-21,422.14,425.6,420.73,425.37,2090,337,423.786
US9426222009,13904,WSO,USD,2023-12-22,428.21,428.69,423.75,425.47,1616,338,426.044
US9426222009,13904,WSO,USD,2023-12-26,426.74,428.92,423.2,427.74,2420,241,427.544
US9426222009,13904,WSO,USD,2023-12-27,428.71,429.43,426.98,428.35,1994,412,428.296
US9426222009,13904,WSO,USD,2023-12-28,428.35,430.52,426.32,429.01,2602,371,428.538
US9426222009,13904,WSO,USD,2023-12-29,428.0,432.69,427.81,428.47,2135,420,429.046
