ISIN,conId,Symbol,Currency,date,open,high,low,close,volume,barCount,average
US98379L1008,374964157,XPEL,USD,2019-07-19,6.0,6.15,5.63,6.01,167,110,5.89
US98379L1008,374964157,XPEL,USD,2019-07-22,6.9,6.9,6.0,6.5,207,77,6.32
US98379L1008,374964157,XPEL,USD,2019-07-23,6.44,7.41,6.3,7.0,1020,257,6.819
US98379L1008,374964157,XPEL,USD,2019-07-24,7.24,8.74,7.01,7.38,714,207,7.42
US98379L1008,374964157,XPEL,USD,2019-07-25,7.5,7.5,6.69,6.88,939,162,6.946
US98379L1008,374964157,XPEL,USD,2019-07-26,6.95,6.95,6.55,6.57,155,46,6.869
US98379L1008,374964157,XPEL,USD,2019-07-29,6.58,6.74,6.25,6.27,96,44,6.414
US98379L1008,374964157,XPEL,USD,2019-07-30,6.14,6.5,6.01,6.37,293,103,6.245
US98379L1008,374964157,XPEL,USD,2019-07-31,6.37,6.53,6.34,6.47,210,40,6.413
US98379L1008,374964157,XPEL,USD,2019-08-01,6.74,7.0,6.51,7.0,458,99,6.726
US98379L1008,374964157,XPEL,USD,2019-08-02,7.0,7.0,6.7,6.72,244,94,6.779
US98379L1008,374964157,XPEL,USD,2019-08-05,6.7,6.83,6.0,6.8,224,115,6.674
US98379L1008,374964157,XPEL,USD,2019-08-06,6.44,6.93,6.25,6.67,319,117,6.69
US98379L1008,374964157,XPEL,USD,2019-08-07,6.74,7.0,6.5,6.95,980,132,6.932
US98379L1008,374964157,XPEL,USD,2019-08-08,7.0,7.0,6.61,6.85,162,77,6.781
US98379L1008,374964157,XPEL,USD,2019-08-09,6.5,6.9,6.5,6.79,77,25,6.757
US98379L1008,374964157,XPEL,USD,2019-08-12,6.79,7.2,6.78,7.15,316,147,7.053
US98379L1008,374964157,XPEL,USD,2019-08-13,7.15,7.2,6.7,7.1,244,113,7.02
US98379L1008,374964157,XPEL,USD,2019-08-14,7.0,7.1,6.81,7.08,817,257,7.024
US98379L1008,374964157,XPEL,USD,2019-08-15,6.95,7.14,6.9,7.14,300,191,7.063
US98379L1008,374964157,XPEL,USD,2019-08-16,6.85,7.2,6.85,7.18,421,187,7.092
US98379L1008,374964157,XPEL,USD,2019-08-19,7.2,7.2,6.9,7.17,905,641,7.086
US98379L1008,374964157,XPEL,USD,2019-08-20,6.9,7.02,6.66,6.86,459,164,6.816
US98379L1008,374964157,XPEL,USD,2019-08-21,7.04,8.55,7.04,8.45,5505,1957,7.925
US98379L1008,374964157,XPEL,USD,2019-08-22,8.1,8.85,7.91,8.79,3431,1270,8.504
US98379L1008,374964157,XPEL,USD,2019-08-23,8.79,9.03,8.25,8.55,2018,876,8.625
US98379L1008,374964157,XPEL,USD,2019-08-26,8.62,8.92,8.26,8.79,579,288,8.629
US98379L1008,374964157,XPEL,USD,2019-08-27,9.0,9.0,8.34,8.78,698,270,8.662
US98379L1008,374964157,XPEL,USD,2019-08-28,8.77,10.0,8.52,10.0,1189,449,9.387
US98379L1008,374964157,XPEL,USD,2019-08-29,9.98,10.29,9.36,10.27,1666,609,9.946
US98379L1008,374964157,XPEL,USD,2019-08-30,10.75,10.82,10.15,10.52,2661,965,10.443
US98379L1008,374964157,XPEL,USD,2019-09-03,10.59,10.6,9.67,10.23,894,440,10.193
US98379L1008,374964157,XPEL,USD,2019-09-04,10.51,12.36,10.51,11.08,2823,939,11.194
US98379L1008,374964157,XPEL,USD,2019-09-05,11.25,11.89,11.13,11.6,1651,591,11.612
US98379L1008,374964157,XPEL,USD,2019-09-06,11.98,11.99,11.2,11.74,2264,1038,11.572
US98379L1008,374964157,XPEL,USD,2019-09-09,11.9,13.2,11.9,12.75,5283,2177,12.588
US98379L1008,374964157,XPEL,USD,2019-09-10,12.46,12.72,11.0,11.1,4804,2167,11.659
US98379L1008,374964157,XPEL,USD,2019-09-11,10.9,11.9,9.21,10.68,4407,1984,10.369
US98379L1008,374964157,XPEL,USD,2019-09-12,10.68,10.91,9.75,10.09,2345,1208,10.122
US98379L1008,374964157,XPEL,USD,2019-09-13,9.98,11.18,9.75,10.88,1242,611,10.419
US98379L1008,374964157,XPEL,USD,2019-09-16,10.88,11.82,10.54,11.55,1826,908,11.383
US98379L1008,374964157,XPEL,USD,2019-09-17,11.6,11.88,11.01,11.88,2713,1205,11.712
US98379L1008,374964157,XPEL,USD,2019-09-18,11.81,12.0,10.5,10.68,3002,1144,11.548
US98379L1008,374964157,XPEL,USD,2019-09-19,11.25,12.25,11.25,11.89,2199,1221,11.894
US98379L1008,374964157,XPEL,USD,2019-09-20,11.94,12.4,11.61,11.61,4567,697,11.728
US98379L1008,374964157,XPEL,USD,2019-09-23,11.61,12.17,10.82,11.07,1509,662,11.512
US98379L1008,374964157,XPEL,USD,2019-09-24,11.05,11.74,10.94,11.3,1642,631,11.325
US98379L1008,374964157,XPEL,USD,2019-09-25,11.27,11.45,10.85,11.14,399,215,11.113
US98379L1008,374964157,XPEL,USD,2019-09-26,11.14,11.92,11.13,11.73,768,269,11.453
US98379L1008,374964157,XPEL,USD,2019-09-27,11.76,11.95,11.29,11.5,1217,563,11.615
US98379L1008,374964157,XPEL,USD,2019-09-30,11.65,11.95,11.29,11.8,678,227,11.731
US98379L1008,374964157,XPEL,USD,2019-10-01,11.92,12.15,11.54,11.67,2062,859,11.964
US98379L1008,374964157,XPEL,USD,2019-10-02,11.59,11.59,10.15,11.1,1790,758,10.809
US98379L1008,374964157,XPEL,USD,2019-10-03,10.97,11.1,10.32,10.71,443,233,10.634
US98379L1008,374964157,XPEL,USD,2019-10-04,9.6,10.8,9.6,10.74,470,188,10.638
US98379L1008,374964157,XPEL,USD,2019-10-07,10.81,10.97,10.54,10.65,379,206,10.789
US98379L1008,374964157,XPEL,USD,2019-10-08,10.51,10.55,10.0,10.33,803,354,10.269
US98379L1008,374964157,XPEL,USD,2019-10-09,10.41,10.95,10.03,10.46,521,304,10.625
US98379L1008,374964157,XPEL,USD,2019-10-10,10.45,10.53,9.56,9.56,601,277,10.055
US98379L1008,374964157,XPEL,USD,2019-10-11,9.95,10.58,9.7,9.87,1655,805,9.961
US98379L1008,374964157,XPEL,USD,2019-10-14,9.8,9.81,9.15,9.34,833,361,9.406
US98379L1008,374964157,XPEL,USD,2019-10-15,9.39,9.56,9.28,9.52,485,178,9.383
US98379L1008,374964157,XPEL,USD,2019-10-16,9.45,9.6,9.3,9.58,282,132,9.536
US98379L1008,374964157,XPEL,USD,2019-10-17,9.59,10.19,9.57,10.03,406,300,9.765
US98379L1008,374964157,XPEL,USD,2019-10-18,10.05,10.41,9.95,10.2,367,173,10.145
US98379L1008,374964157,XPEL,USD,2019-10-21,10.3,10.41,9.95,10.17,436,223,10.109
US98379L1008,374964157,XPEL,USD,2019-10-22,10.25,10.42,10.02,10.3,866,595,10.22
US98379L1008,374964157,XPEL,USD,2019-10-23,10.25,11.35,10.12,11.04,2131,493,10.598
US98379L1008,374964157,XPEL,USD,2019-10-24,11.06,11.46,10.58,11.2,430,220,11.031
US98379L1008,374964157,XPEL,USD,2019-10-25,11.15,11.27,10.67,10.85,549,229,10.941
US98379L1008,374964157,XPEL,USD,2019-10-28,10.92,11.3,10.68,10.77,917,459,11.056
US98379L1008,374964157,XPEL,USD,2019-10-29,10.76,11.24,10.54,10.57,301,131,10.659
US98379L1008,374964157,XPEL,USD,2019-10-30,10.57,11.62,10.38,11.08,1173,600,11.011
US98379L1008,374964157,XPEL,USD,2019-10-31,11.14,11.28,10.81,10.9,475,210,10.992
US98379L1008,374964157,XPEL,USD,2019-11-01,10.98,11.1,10.62,10.75,552,245,10.895
US98379L1008,374964157,XPEL,USD,2019-11-04,10.79,11.42,10.75,11.42,570,136,10.834
US98379L1008,374964157,XPEL,USD,2019-11-05,10.85,10.97,10.64,10.93,1213,220,10.772
US98379L1008,374964157,XPEL,USD,2019-11-06,10.93,11.14,10.7,10.76,1289,373,10.855
US98379L1008,374964157,XPEL,USD,2019-11-07,10.85,10.85,10.75,10.8,771,169,10.796
US98379L1008,374964157,XPEL,USD,2019-11-08,10.85,10.96,10.75,10.81,600,175,10.849
US98379L1008,374964157,XPEL,USD,2019-11-11,11.2,14.19,10.81,14.14,9170,3567,12.98
US98379L1008,374964157,XPEL,USD,2019-11-12,14.14,15.05,13.12,13.6,4151,1747,13.9
US98379L1008,374964157,XPEL,USD,2019-11-13,14.2,14.2,13.06,13.93,1444,579,13.648
US98379L1008,374964157,XPEL,USD,2019-11-14,13.91,14.09,13.51,13.89,1284,558,13.85
US98379L1008,374964157,XPEL,USD,2019-11-15,13.39,15.14,13.39,14.8,3500,1308,14.752
US98379L1008,374964157,XPEL,USD,2019-11-18,15.0,15.69,14.5,15.65,3528,1604,15.27
US98379L1008,374964157,XPEL,USD,2019-11-19,15.9,16.0,14.15,14.48,2660,1227,14.897
US98379L1008,374964157,XPEL,USD,2019-11-20,14.48,14.68,13.85,14.27,1575,713,14.129
US98379L1008,374964157,XPEL,USD,2019-11-21,14.48,16.14,13.65,15.84,8069,3569,15.503
US98379L1008,374964157,XPEL,USD,2019-11-22,15.98,16.15,15.52,15.52,1995,918,15.892
US98379L1008,374964157,XPEL,USD,2019-11-25,16.19,16.23,15.4,15.7,2319,805,15.762
US98379L1008,374964157,XPEL,USD,2019-11-26,15.76,16.0,15.43,15.92,1005,427,15.694
US98379L1008,374964157,XPEL,USD,2019-11-27,16.0,16.1,15.6,16.0,909,328,15.928
US98379L1008,374964157,XPEL,USD,2019-11-29,16.01,16.01,15.65,15.7,296,115,15.771
US98379L1008,374964157,XPEL,USD,2019-12-02,15.86,16.01,15.4,15.63,897,390,15.636
US98379L1008,374964157,XPEL,USD,2019-12-03,15.48,16.27,15.41,16.0,1694,681,15.913
US98379L1008,374964157,XPEL,USD,2019-12-04,16.13,16.19,15.65,16.0,1134,559,15.986
US98379L1008,374964157,XPEL,USD,2019-12-05,16.02,16.05,15.49,15.57,786,316,15.742
US98379L1008,374964157,XPEL,USD,2019-12-06,15.6,16.13,15.6,15.98,744,371,15.921
US98379L1008,374964157,XPEL,USD,2019-12-09,15.62,15.98,15.12,15.42,1230,586,15.545
US98379L1008,374964157,XPEL,USD,2019-12-10,15.41,15.41,14.62,15.06,1649,887,15.025
US98379L1008,374964157,XPEL,USD,2019-12-11,15.08,15.7,14.85,15.61,787,397,15.263
US98379L1008,374964157,XPEL,USD,2019-12-12,15.61,15.99,15.57,15.98,732,473,15.784
US98379L1008,374964157,XPEL,USD,2019-12-13,16.15,16.15,15.52,15.7,581,315,15.741
US98379L1008,374964157,XPEL,USD,2019-12-16,15.69,15.86,15.15,15.46,993,535,15.547
US98379L1008,374964157,XPEL,USD,2019-12-17,15.45,15.48,14.69,14.91,889,432,14.973
US98379L1008,374964157,XPEL,USD,2019-12-18,14.83,15.03,14.4,14.57,973,468,14.643
US98379L1008,374964157,XPEL,USD,2019-12-19,14.3,14.5,14.03,14.4,1285,780,14.273
US98379L1008,374964157,XPEL,USD,2019-12-20,14.41,14.67,14.12,14.54,1371,429,14.473
US98379L1008,374964157,XPEL,USD,2019-12-23,14.54,14.94,14.5,14.83,605,326,14.66
US98379L1008,374964157,XPEL,USD,2019-12-24,14.84,14.9,14.55,14.75,1100,117,14.743
US98379L1008,374964157,XPEL,USD,2019-12-26,14.75,14.82,14.6,14.65,348,158,14.691
US98379L1008,374964157,XPEL,USD,2019-12-27,14.65,14.87,14.5,14.5,837,450,14.694
US98379L1008,374964157,XPEL,USD,2019-12-30,14.6,14.71,14.4,14.4,953,535,14.549
US98379L1008,374964157,XPEL,USD,2019-12-31,14.53,14.87,14.41,14.65,1407,661,14.643
US98379L1008,374964157,XPEL,USD,2020-01-02,14.71,14.9,14.24,14.5,774,380,14.552
US98379L1008,374964157,XPEL,USD,2020-01-03,14.42,15.87,14.42,15.52,3411,1376,15.388
US98379L1008,374964157,XPEL,USD,2020-01-06,15.52,15.87,15.02,15.3,1851,920,15.434
US98379L1008,374964157,XPEL,USD,2020-01-07,15.5,15.55,14.15,14.34,2274,918,14.612
US98379L1008,374964157,XPEL,USD,2020-01-08,14.21,14.96,14.16,14.37,1050,465,14.581
US98379L1008,374964157,XPEL,USD,2020-01-09,14.39,14.63,14.35,14.4,1283,722,14.438
US98379L1008,374964157,XPEL,USD,2020-01-10,14.49,14.5,14.19,14.25,1374,687,14.342
US98379L1008,374964157,XPEL,USD,2020-01-13,14.25,14.7,14.25,14.68,2868,1677,14.504
US98379L1008,374964157,XPEL,USD,2020-01-14,14.74,14.94,14.46,14.68,1329,686,14.71
US98379L1008,374964157,XPEL,USD,2020-01-15,14.84,14.99,14.6,14.98,1148,630,14.811
US98379L1008,374964157,XPEL,USD,2020-01-16,14.98,15.27,14.68,14.7,1508,723,14.938
US98379L1008,374964157,XPEL,USD,2020-01-17,14.79,14.94,14.75,14.92,694,478,14.82
US98379L1008,374964157,XPEL,USD,2020-01-21,14.95,15.7,14.95,15.39,2297,935,15.383
US98379L1008,374964157,XPEL,USD,2020-01-22,15.6,17.78,15.6,16.35,8599,3404,16.756
US98379L1008,374964157,XPEL,USD,2020-01-23,16.34,17.45,16.33,16.9,3602,1833,17.066
US98379L1008,374964157,XPEL,USD,2020-01-24,17.18,18.0,16.27,16.8,3535,1592,17.1
US98379L1008,374964157,XPEL,USD,2020-01-27,16.8,16.8,14.37,15.85,5732,2328,15.262
US98379L1008,374964157,XPEL,USD,2020-01-28,15.92,16.58,15.06,16.24,2983,1524,15.866
US98379L1008,374964157,XPEL,USD,2020-01-29,16.36,17.28,15.89,16.26,2674,1136,16.597
US98379L1008,374964157,XPEL,USD,2020-01-30,16.04,16.93,16.03,16.42,1339,679,16.376
US98379L1008,374964157,XPEL,USD,2020-01-31,16.56,16.93,16.33,16.63,1934,1051,16.631
US98379L1008,374964157,XPEL,USD,2020-02-03,16.6,17.8,16.6,17.68,3164,1561,17.311
US98379L1008,374964157,XPEL,USD,2020-02-04,17.68,18.05,15.9,16.46,3551,1722,16.653
US98379L1008,374964157,XPEL,USD,2020-02-05,16.67,17.43,16.67,16.86,1083,609,16.986
US98379L1008,374964157,XPEL,USD,2020-02-06,17.28,17.28,16.35,17.03,1681,815,16.681
US98379L1008,374964157,XPEL,USD,2020-02-07,16.8,16.94,16.35,16.61,1157,728,16.588
US98379L1008,374964157,XPEL,USD,2020-02-10,17.0,17.41,16.69,17.28,1076,511,17.195
US98379L1008,374964157,XPEL,USD,2020-02-11,17.39,17.4,15.67,15.8,2484,1224,16.485
US98379L1008,374964157,XPEL,USD,2020-02-12,15.85,16.18,15.66,16.0,1057,543,15.938
US98379L1008,374964157,XPEL,USD,2020-02-13,15.92,16.05,15.7,16.03,886,283,15.909
US98379L1008,374964157,XPEL,USD,2020-02-14,15.8,15.99,15.29,15.66,1437,692,15.582
US98379L1008,374964157,XPEL,USD,2020-02-18,15.7,15.75,14.4,14.97,2641,1248,14.867
US98379L1008,374964157,XPEL,USD,2020-02-19,15.19,15.25,14.46,14.85,1867,1060,14.744
US98379L1008,374964157,XPEL,USD,2020-02-20,14.85,15.65,14.6,15.45,1499,735,15.111
US98379L1008,374964157,XPEL,USD,2020-02-21,15.71,15.81,14.46,14.51,1542,742,14.684
US98379L1008,374964157,XPEL,USD,2020-02-24,14.5,14.5,12.89,13.42,2395,1346,13.518
US98379L1008,374964157,XPEL,USD,2020-02-25,13.46,13.72,12.68,13.12,2459,1467,13.021
US98379L1008,374964157,XPEL,USD,2020-02-26,13.12,13.28,12.63,13.07,2070,1188,12.939
US98379L1008,374964157,XPEL,USD,2020-02-27,12.66,13.17,11.85,13.17,2270,1203,12.332
US98379L1008,374964157,XPEL,USD,2020-02-28,12.5,13.0,11.57,12.91,2913,1605,12.299
US98379L1008,374964157,XPEL,USD,2020-03-02,13.2,13.2,12.03,12.47,1652,801,12.39
US98379L1008,374964157,XPEL,USD,2020-03-03,12.49,12.75,11.93,12.07,1567,974,12.227
US98379L1008,374964157,XPEL,USD,2020-03-04,12.58,12.92,12.06,12.81,1325,719,12.586
US98379L1008,374964157,XPEL,USD,2020-03-05,12.38,12.69,12.06,12.09,813,447,12.276
US98379L1008,374964157,XPEL,USD,2020-03-06,12.5,12.5,11.57,11.8,1295,750,11.823
US98379L1008,374964157,XPEL,USD,2020-03-09,11.5,11.5,9.86,9.99,2773,1563,10.435
US98379L1008,374964157,XPEL,USD,2020-03-10,10.22,10.87,10.0,10.48,1663,866,10.444
US98379L1008,374964157,XPEL,USD,2020-03-11,10.26,10.45,9.65,9.96,2063,1075,9.805
US98379L1008,374964157,XPEL,USD,2020-03-12,9.03,9.11,8.55,8.87,1978,958,8.791
US98379L1008,374964157,XPEL,USD,2020-03-13,9.05,9.73,8.48,9.21,1263,580,9.076
US98379L1008,374964157,XPEL,USD,2020-03-16,9.18,10.74,7.5,10.14,3751,1934,9.816
US98379L1008,374964157,XPEL,USD,2020-03-17,10.33,11.0,9.36,10.66,2709,1583,10.326
US98379L1008,374964157,XPEL,USD,2020-03-18,9.91,10.27,7.51,9.36,3278,1981,8.758
US98379L1008,374964157,XPEL,USD,2020-03-19,9.04,10.85,8.95,10.16,3238,2149,10.009
US98379L1008,374964157,XPEL,USD,2020-03-20,10.7,10.9,9.57,9.66,1891,1026,10.083
US98379L1008,374964157,XPEL,USD,2020-03-23,9.56,9.56,8.4,8.63,2261,1281,8.834
US98379L1008,374964157,XPEL,USD,2020-03-24,9.19,9.81,9.15,9.34,1330,820,9.404
US98379L1008,374964157,XPEL,USD,2020-03-25,9.34,10.26,9.11,9.91,3406,1740,9.865
US98379L1008,374964157,XPEL,USD,2020-03-26,10.1,11.25,10.0,10.55,2231,1047,10.725
US98379L1008,374964157,XPEL,USD,2020-03-27,10.24,10.6,10.01,10.48,624,408,10.345
US98379L1008,374964157,XPEL,USD,2020-03-30,10.42,10.42,9.41,10.01,1337,877,9.93
US98379L1008,374964157,XPEL,USD,2020-03-31,10.0,10.41,10.0,10.02,1871,1041,10.162
US98379L1008,374964157,XPEL,USD,2020-04-01,10.0,10.0,9.0,9.55,1498,733,9.364
US98379L1008,374964157,XPEL,USD,2020-04-02,9.47,9.99,9.11,9.58,695,359,9.606
US98379L1008,374964157,XPEL,USD,2020-04-03,9.57,9.88,8.42,9.3,1185,638,9.073
US98379L1008,374964157,XPEL,USD,2020-04-06,9.52,10.22,9.21,10.11,1613,984,9.742
US98379L1008,374964157,XPEL,USD,2020-04-07,10.22,11.72,10.22,10.58,3459,2082,10.955
US98379L1008,374964157,XPEL,USD,2020-04-08,10.9,12.5,10.78,12.22,2972,1940,11.912
US98379L1008,374964157,XPEL,USD,2020-04-09,12.5,12.78,11.6,12.0,1103,816,12.073
US98379L1008,374964157,XPEL,USD,2020-04-13,12.0,12.0,11.02,11.61,1303,775,11.388
US98379L1008,374964157,XPEL,USD,2020-04-14,11.97,12.2,11.57,11.7,982,613,11.888
US98379L1008,374964157,XPEL,USD,2020-04-15,12.48,12.48,10.88,11.13,1027,599,11.225
US98379L1008,374964157,XPEL,USD,2020-04-16,11.05,11.94,11.05,11.39,1251,798,11.482
US98379L1008,374964157,XPEL,USD,2020-04-17,11.79,11.96,11.45,11.86,976,505,11.76
US98379L1008,374964157,XPEL,USD,2020-04-20,11.8,11.97,10.83,10.99,1309,696,11.217
US98379L1008,374964157,XPEL,USD,2020-04-21,10.9,10.9,9.96,10.05,1535,924,10.288
US98379L1008,374964157,XPEL,USD,2020-04-22,10.4,11.19,10.01,10.67,1382,785,10.769
US98379L1008,374964157,XPEL,USD,2020-04-23,10.67,11.05,10.53,10.96,767,513,10.875
US98379L1008,374964157,XPEL,USD,2020-04-24,11.04,11.1,10.61,10.92,901,559,10.872
US98379L1008,374964157,XPEL,USD,2020-04-27,11.06,11.89,11.06,11.8,1795,955,11.572
US98379L1008,374964157,XPEL,USD,2020-04-28,11.95,13.29,11.77,12.58,2189,1127,12.622
US98379L1008,374964157,XPEL,USD,2020-04-29,12.8,13.25,12.8,12.93,996,645,13.007
US98379L1008,374964157,XPEL,USD,2020-04-30,13.85,13.85,12.27,12.48,1188,666,12.687
US98379L1008,374964157,XPEL,USD,2020-05-01,12.41,12.41,11.81,12.04,1186,706,12.125
US98379L1008,374964157,XPEL,USD,2020-05-04,12.0,12.74,11.58,12.54,1307,793,12.426
US98379L1008,374964157,XPEL,USD,2020-05-05,12.6,12.93,12.35,12.35,1048,661,12.62
US98379L1008,374964157,XPEL,USD,2020-05-06,12.47,12.88,12.0,12.0,623,428,12.487
US98379L1008,374964157,XPEL,USD,2020-05-07,12.3,12.66,12.15,12.18,1179,563,12.323
US98379L1008,374964157,XPEL,USD,2020-05-08,12.41,13.2,12.33,12.9,1724,1177,12.924
US98379L1008,374964157,XPEL,USD,2020-05-11,13.14,13.44,12.52,13.23,1745,966,13.102
US98379L1008,374964157,XPEL,USD,2020-05-12,13.39,13.63,13.01,13.01,1303,700,13.304
US98379L1008,374964157,XPEL,USD,2020-05-13,12.96,13.11,11.66,11.74,3083,1593,12.182
US98379L1008,374964157,XPEL,USD,2020-05-14,11.75,12.87,10.71,12.68,3516,1978,11.896
US98379L1008,374964157,XPEL,USD,2020-05-15,12.68,13.0,12.05,12.94,1836,1138,12.723
US98379L1008,374964157,XPEL,USD,2020-05-18,12.94,13.91,12.8,13.8,2438,1391,13.561
US98379L1008,374964157,XPEL,USD,2020-05-19,13.79,14.5,13.5,14.19,2047,1306,14.234
US98379L1008,374964157,XPEL,USD,2020-05-20,14.51,14.9,13.39,13.4,1985,1161,14.151
US98379L1008,374964157,XPEL,USD,2020-05-21,13.75,14.73,13.75,14.36,1514,993,14.344
US98379L1008,374964157,XPEL,USD,2020-05-22,14.35,14.69,13.73,14.1,1828,1260,13.968
US98379L1008,374964157,XPEL,USD,2020-05-26,14.1,15.58,14.1,15.5,3101,2216,15.141
US98379L1008,374964157,XPEL,USD,2020-05-27,15.85,16.19,15.06,16.08,2407,1547,15.766
US98379L1008,374964157,XPEL,USD,2020-05-28,16.01,16.06,15.02,15.1,1425,802,15.497
US98379L1008,374964157,XPEL,USD,2020-05-29,15.31,15.37,14.69,14.93,1201,788,14.995
US98379L1008,374964157,XPEL,USD,2020-06-01,15.0,15.62,14.99,15.42,1333,895,15.331
US98379L1008,374964157,XPEL,USD,2020-06-02,15.23,15.74,15.13,15.53,1114,794,15.469
US98379L1008,374964157,XPEL,USD,2020-06-03,15.61,15.98,15.11,15.75,1537,942,15.572
US98379L1008,374964157,XPEL,USD,2020-06-04,15.73,15.94,15.37,15.65,990,690,15.658
US98379L1008,374964157,XPEL,USD,2020-06-05,15.8,16.43,15.56,16.42,1612,1065,16.031
US98379L1008,374964157,XPEL,USD,2020-06-08,16.45,17.08,16.34,16.71,2108,1419,16.804
US98379L1008,374964157,XPEL,USD,2020-06-09,16.44,16.57,15.63,16.12,1247,871,16.096
US98379L1008,374964157,XPEL,USD,2020-06-10,15.91,17.09,15.74,16.69,1997,1363,16.455
US98379L1008,374964157,XPEL,USD,2020-06-11,16.12,16.43,15.11,15.35,1757,994,15.727
US98379L1008,374964157,XPEL,USD,2020-06-12,15.89,16.61,15.41,15.89,1724,1032,16.016
US98379L1008,374964157,XPEL,USD,2020-06-15,15.36,16.92,15.36,16.82,1132,767,16.508
US98379L1008,374964157,XPEL,USD,2020-06-16,17.0,17.27,15.96,16.14,964,648,16.421
US98379L1008,374964157,XPEL,USD,2020-06-17,16.2,16.48,15.78,16.44,1323,700,16.315
US98379L1008,374964157,XPEL,USD,2020-06-18,16.43,16.83,16.04,16.31,1204,703,16.339
US98379L1008,374964157,XPEL,USD,2020-06-19,16.41,17.08,16.32,16.89,3357,1328,16.847
US98379L1008,374964157,XPEL,USD,2020-06-22,16.97,17.23,16.51,16.82,1523,941,16.868
US98379L1008,374964157,XPEL,USD,2020-06-23,16.97,17.2,16.75,16.94,1463,904,16.95
US98379L1008,374964157,XPEL,USD,2020-06-24,16.53,17.06,16.19,16.65,1779,1383,16.651
US98379L1008,374964157,XPEL,USD,2020-06-25,16.63,16.98,16.61,16.86,1853,1391,16.807
US98379L1008,374964157,XPEL,USD,2020-06-26,16.66,16.92,15.55,15.76,20562,2672,15.783
US98379L1008,374964157,XPEL,USD,2020-06-29,15.76,16.0,14.46,15.95,2276,1319,15.487
US98379L1008,374964157,XPEL,USD,2020-06-30,16.02,16.13,15.33,15.64,1915,690,15.588
US98379L1008,374964157,XPEL,USD,2020-07-01,15.64,15.86,14.52,15.57,3630,1859,15.092
US98379L1008,374964157,XPEL,USD,2020-07-02,15.74,15.79,14.79,15.07,1710,763,15.1
US98379L1008,374964157,XPEL,USD,2020-07-06,15.15,15.5,14.92,15.2,1043,633,15.108
US98379L1008,374964157,XPEL,USD,2020-07-07,15.03,15.06,14.44,14.49,1080,641,14.634
US98379L1008,374964157,XPEL,USD,2020-07-08,14.43,14.78,14.21,14.75,806,448,14.541
US98379L1008,374964157,XPEL,USD,2020-07-09,14.61,14.75,14.06,14.36,861,524,14.341
US98379L1008,374964157,XPEL,USD,2020-07-10,14.32,14.85,14.26,14.81,540,344,14.685
US98379L1008,374964157,XPEL,USD,2020-07-13,15.11,15.2,14.59,14.66,862,511,14.758
US98379L1008,374964157,XPEL,USD,2020-07-14,14.58,15.0,14.47,14.88,578,412,14.745
US98379L1008,374964157,XPEL,USD,2020-07-15,15.15,15.15,14.61,14.95,846,513,14.853
US98379L1008,374964157,XPEL,USD,2020-07-16,14.85,15.03,14.54,14.84,440,290,14.795
US98379L1008,374964157,XPEL,USD,2020-07-17,14.82,14.91,14.5,14.76,897,502,14.684
US98379L1008,374964157,XPEL,USD,2020-07-20,14.72,16.49,14.62,16.07,4635,1533,15.855
US98379L1008,374964157,XPEL,USD,2020-07-21,16.11,16.26,15.5,15.64,726,331,15.695
US98379L1008,374964157,XPEL,USD,2020-07-22,15.51,16.05,15.32,15.53,943,494,15.591
US98379L1008,374964157,XPEL,USD,2020-07-23,15.57,16.28,15.3,15.58,918,533,15.772
US98379L1008,374964157,XPEL,USD,2020-07-24,15.5,15.94,15.31,15.55,518,247,15.522
US98379L1008,374964157,XPEL,USD,2020-07-27,15.7,16.5,15.7,16.32,1296,620,16.232
US98379L1008,374964157,XPEL,USD,2020-07-28,16.3,16.3,15.88,16.05,311,225,16.059
US98379L1008,374964157,XPEL,USD,2020-07-29,16.07,17.72,16.07,16.66,2996,1285,17.041
US98379L1008,374964157,XPEL,USD,2020-07-30,16.39,17.09,16.0,16.76,874,480,16.604
US98379L1008,374964157,XPEL,USD,2020-07-31,16.77,16.83,16.2,16.83,1059,601,16.57
US98379L1008,374964157,XPEL,USD,2020-08-03,17.2,19.24,16.83,19.21,4134,2016,18.436
US98379L1008,374964157,XPEL,USD,2020-08-04,19.0,19.63,17.89,19.25,3560,2170,18.978
US98379L1008,374964157,XPEL,USD,2020-08-05,23.0,23.0,19.41,20.1,1618,839,20.085
US98379L1008,374964157,XPEL,USD,2020-08-06,20.17,20.28,19.54,19.99,924,535,19.98
US98379L1008,374964157,XPEL,USD,2020-08-07,19.93,20.11,19.79,20.06,796,489,19.955
US98379L1008,374964157,XPEL,USD,2020-08-10,20.03,20.44,19.76,20.15,1336,905,20.158
US98379L1008,374964157,XPEL,USD,2020-08-11,20.12,21.0,19.55,20.66,1203,758,20.63
US98379L1008,374964157,XPEL,USD,2020-08-12,21.32,28.7,21.32,27.6,18578,8730,26.721
US98379L1008,374964157,XPEL,USD,2020-08-13,27.89,28.64,26.29,28.52,3766,2098,27.529
US98379L1008,374964157,XPEL,USD,2020-08-14,28.0,30.29,28.0,29.61,2987,1590,29.46
US98379L1008,374964157,XPEL,USD,2020-08-17,29.03,30.0,26.52,28.47,3425,1626,27.783
US98379L1008,374964157,XPEL,USD,2020-08-18,27.9,28.8,27.05,28.0,1474,938,28.185
US98379L1008,374964157,XPEL,USD,2020-08-19,28.98,29.0,27.12,28.1,1302,854,27.799
US98379L1008,374964157,XPEL,USD,2020-08-20,28.0,30.0,27.34,27.53,3616,2096,28.696
US98379L1008,374964157,XPEL,USD,2020-08-21,27.51,27.55,24.75,26.03,3569,2032,25.796
US98379L1008,374964157,XPEL,USD,2020-08-24,26.03,26.96,24.84,25.5,1984,1127,25.601
US98379L1008,374964157,XPEL,USD,2020-08-25,26.0,26.08,25.03,25.39,1210,856,25.453
US98379L1008,374964157,XPEL,USD,2020-08-26,25.45,26.3,24.65,25.6,1954,1148,25.778
US98379L1008,374964157,XPEL,USD,2020-08-27,25.83,25.87,24.36,24.95,1687,832,24.76
US98379L1008,374964157,XPEL,USD,2020-08-28,25.0,25.0,24.27,24.86,725,474,24.85
US98379L1008,374964157,XPEL,USD,2020-08-31,25.0,25.5,24.7,24.9,1106,556,25.1
US98379L1008,374964157,XPEL,USD,2020-09-01,24.99,26.29,24.68,25.42,2101,1136,25.417
US98379L1008,374964157,XPEL,USD,2020-09-02,25.62,26.18,24.82,25.7,800,475,25.471
US98379L1008,374964157,XPEL,USD,2020-09-03,25.55,25.94,23.44,24.09,1422,845,24.431
US98379L1008,374964157,XPEL,USD,2020-09-04,24.04,24.45,22.1,23.57,1314,719,23.23
US98379L1008,374964157,XPEL,USD,2020-09-08,23.09,24.04,22.5,23.36,912,671,23.481
US98379L1008,374964157,XPEL,USD,2020-09-09,23.78,24.84,23.58,24.6,749,460,24.329
US98379L1008,374964157,XPEL,USD,2020-09-10,25.49,25.49,24.17,24.4,965,615,24.916
US98379L1008,374964157,XPEL,USD,2020-09-11,24.63,24.83,23.59,23.92,484,278,24.153
US98379L1008,374964157,XPEL,USD,2020-09-14,24.64,28.6,23.99,28.29,4616,1969,26.51
US98379L1008,374964157,XPEL,USD,2020-09-15,28.4,28.68,26.4,27.46,1093,674,27.43
US98379L1008,374964157,XPEL,USD,2020-09-16,27.09,28.54,26.37,27.14,1666,926,27.813
US98379L1008,374964157,XPEL,USD,2020-09-17,26.55,27.19,25.51,25.99,1994,1060,26.04
US98379L1008,374964157,XPEL,USD,2020-09-18,26.46,26.55,25.05,26.0,3525,1168,26.041
US98379L1008,374964157,XPEL,USD,2020-09-21,25.5,25.62,22.56,23.33,3253,1633,23.461
US98379L1008,374964157,XPEL,USD,2020-09-22,23.54,23.72,22.89,23.62,1298,933,23.523
US98379L1008,374964157,XPEL,USD,2020-09-23,24.0,25.54,23.51,24.03,2116,1428,24.583
US98379L1008,374964157,XPEL,USD,2020-09-24,23.66,23.82,22.85,23.15,626,406,23.339
US98379L1008,374964157,XPEL,USD,2020-09-25,23.22,24.36,23.07,23.74,913,469,23.834
US98379L1008,374964157,XPEL,USD,2020-09-28,24.31,24.81,23.5,24.64,897,548,24.291
US98379L1008,374964157,XPEL,USD,2020-09-29,24.98,26.13,24.76,25.66,1184,646,25.627
US98379L1008,374964157,XPEL,USD,2020-09-30,25.28,26.72,25.28,26.08,1022,585,26.042
US98379L1008,374964157,XPEL,USD,2020-10-01,24.36,27.18,24.36,27.08,1024,706,26.742
US98379L1008,374964157,XPEL,USD,2020-10-02,26.9,26.95,26.02,26.56,1023,646,26.445
US98379L1008,374964157,XPEL,USD,2020-10-05,26.97,27.5,25.01,26.7,1636,844,26.274
US98379L1008,374964157,XPEL,USD,2020-10-06,26.7,27.23,26.02,26.36,1052,622,26.614
US98379L1008,374964157,XPEL,USD,2020-10-07,26.85,28.86,25.44,25.9,8374,4686,27.386
US98379L1008,374964157,XPEL,USD,2020-10-08,26.12,26.86,25.81,26.25,775,415,26.306
US98379L1008,374964157,XPEL,USD,2020-10-09,26.6,28.11,26.29,28.01,2151,1126,27.297
US98379L1008,374964157,XPEL,USD,2020-10-12,28.03,28.2,26.83,27.23,2402,1129,27.35
US98379L1008,374964157,XPEL,USD,2020-10-13,27.24,29.61,27.19,29.25,2948,1199,28.831
US98379L1008,374964157,XPEL,USD,2020-10-14,30.0,31.98,26.86,27.1,6729,3080,29.324
US98379L1008,374964157,XPEL,USD,2020-10-15,27.0,27.72,25.65,27.1,1166,652,26.828
US98379L1008,374964157,XPEL,USD,2020-10-16,27.88,27.91,26.59,27.5,926,425,27.374
US98379L1008,374964157,XPEL,USD,2020-10-19,28.0,28.0,26.3,26.8,1165,577,26.85
US98379L1008,374964157,XPEL,USD,2020-10-20,26.5,27.45,26.26,26.97,1330,723,26.935
US98379L1008,374964157,XPEL,USD,2020-10-21,27.03,27.47,26.81,26.96,760,504,27.026
US98379L1008,374964157,XPEL,USD,2020-10-22,27.56,27.56,26.07,26.6,993,530,26.549
US98379L1008,374964157,XPEL,USD,2020-10-23,26.81,27.11,26.21,26.5,687,367,26.565
US98379L1008,374964157,XPEL,USD,2020-10-26,26.36,26.7,25.5,26.2,1906,763,26.265
US98379L1008,374964157,XPEL,USD,2020-10-27,26.21,26.4,25.53,25.7,644,359,25.725
US98379L1008,374964157,XPEL,USD,2020-10-28,25.5,26.06,24.68,25.6,2554,1070,25.498
US98379L1008,374964157,XPEL,USD,2020-10-29,25.72,26.81,25.46,26.17,679,362,26.15
US98379L1008,374964157,XPEL,USD,2020-10-30,26.16,26.16,24.6,24.78,1206,615,24.996
US98379L1008,374964157,XPEL,USD,2020-11-02,25.19,26.56,24.78,26.2,1509,765,25.785
US98379L1008,374964157,XPEL,USD,2020-11-03,26.3,27.48,26.3,27.38,1113,766,27.165
US98379L1008,374964157,XPEL,USD,2020-11-04,27.99,28.3,24.02,24.02,1462,948,27.982
US98379L1008,374964157,XPEL,USD,2020-11-05,29.1,29.58,27.66,28.76,1719,1152,28.352
US98379L1008,374964157,XPEL,USD,2020-11-06,28.89,29.06,27.98,28.4,859,624,28.409
US98379L1008,374964157,XPEL,USD,2020-11-09,29.23,29.9,27.25,28.58,2662,1759,28.483
US98379L1008,374964157,XPEL,USD,2020-11-10,28.6,33.0,28.53,33.0,3931,2522,30.301
US98379L1008,374964157,XPEL,USD,2020-11-11,33.5,33.5,27.76,30.76,7262,3612,30.262
US98379L1008,374964157,XPEL,USD,2020-11-12,30.77,34.0,30.77,33.05,5721,2895,32.673
US98379L1008,374964157,XPEL,USD,2020-11-13,33.99,37.71,33.01,37.45,7377,4134,36.288
US98379L1008,374964157,XPEL,USD,2020-11-16,37.52,37.93,35.31,36.94,3248,1793,36.577
US98379L1008,374964157,XPEL,USD,2020-11-17,37.06,38.49,36.24,37.25,1791,1069,37.249
US98379L1008,374964157,XPEL,USD,2020-11-18,37.0,37.43,35.77,37.1,2313,1062,36.697
US98379L1008,374964157,XPEL,USD,2020-11-19,37.0,37.09,34.6,34.87,2014,1114,35.292
US98379L1008,374964157,XPEL,USD,2020-11-20,35.34,36.98,34.01,36.98,2807,1358,35.497
US98379L1008,374964157,XPEL,USD,2020-11-23,36.4,36.99,34.63,36.1,2448,1326,35.704
US98379L1008,374964157,XPEL,USD,2020-11-24,36.22,38.96,36.22,37.61,2522,1459,37.769
US98379L1008,374964157,XPEL,USD,2020-11-25,37.75,38.2,36.31,37.57,1381,821,37.19
US98379L1008,374964157,XPEL,USD,2020-11-27,37.8,39.42,37.7,38.59,1092,593,38.576
US98379L1008,374964157,XPEL,USD,2020-11-30,38.88,39.41,36.62,37.88,3292,1105,37.895
US98379L1008,374964157,XPEL,USD,2020-12-01,38.54,39.85,38.13,39.05,1601,992,39.02
US98379L1008,374964157,XPEL,USD,2020-12-02,40.0,40.37,38.16,40.0,1975,1132,39.585
US98379L1008,374964157,XPEL,USD,2020-12-03,40.0,42.76,40.0,41.69,1743,1155,41.719
US98379L1008,374964157,XPEL,USD,2020-12-04,42.0,43.7,41.7,43.7,1380,871,42.817
US98379L1008,374964157,XPEL,USD,2020-12-07,43.5,44.95,41.15,44.7,2023,1087,43.504
US98379L1008,374964157,XPEL,USD,2020-12-08,44.84,46.09,44.11,45.98,1506,895,45.256
US98379L1008,374964157,XPEL,USD,2020-12-09,46.0,49.77,44.6,45.51,4229,2771,47.141
US98379L1008,374964157,XPEL,USD,2020-12-10,44.89,45.53,42.74,44.0,1713,938,44.276
US98379L1008,374964157,XPEL,USD,2020-12-11,43.16,47.59,43.12,46.52,1259,730,46.452
US98379L1008,374964157,XPEL,USD,2020-12-14,47.19,50.28,46.0,46.0,3254,1485,47.913
US98379L1008,374964157,XPEL,USD,2020-12-15,47.98,51.67,47.4,49.5,3698,1985,49.58
US98379L1008,374964157,XPEL,USD,2020-12-16,51.0,52.0,47.7,50.07,1489,766,49.523
US98379L1008,374964157,XPEL,USD,2020-12-17,50.5,53.87,50.05,51.49,1881,982,51.619
US98379L1008,374964157,XPEL,USD,2020-12-18,52.7,53.49,50.31,53.2,2639,1049,52.624
US98379L1008,374964157,XPEL,USD,2020-12-21,54.01,54.01,50.5,52.8,2566,1434,52.399
US98379L1008,374964157,XPEL,USD,2020-12-22,52.8,54.96,50.76,52.44,2764,1480,52.472
US98379L1008,374964157,XPEL,USD,2020-12-23,52.44,52.8,50.1,51.57,1786,1159,51.632
US98379L1008,374964157,XPEL,USD,2020-12-24,51.18,51.88,47.3,51.42,1415,757,49.921
US98379L1008,374964157,XPEL,USD,2020-12-28,51.19,52.78,50.17,51.63,879,540,51.716
US98379L1008,374964157,XPEL,USD,2020-12-29,51.31,51.65,47.54,51.34,1546,927,50.271
US98379L1008,374964157,XPEL,USD,2020-12-30,51.18,54.29,51.0,52.96,1366,803,53.113
US98379L1008,374964157,XPEL,USD,2020-12-31,53.7,53.7,51.43,51.56,984,431,52.115
US98379L1008,374964157,XPEL,USD,2021-01-04,51.56,52.48,48.62,50.37,1667,877,50.268
US98379L1008,374964157,XPEL,USD,2021-01-05,50.29,52.47,50.18,51.64,1443,772,51.623
US98379L1008,374964157,XPEL,USD,2021-01-06,51.88,52.84,50.32,51.51,1313,805,51.837
US98379L1008,374964157,XPEL,USD,2021-01-07,52.3,56.76,51.11,54.4,2012,1183,54.024
US98379L1008,374964157,XPEL,USD,2021-01-08,55.0,57.25,53.02,54.91,2442,1181,55.123
US98379L1008,374964157,XPEL,USD,2021-01-11,55.0,59.52,54.73,58.58,2913,1507,57.689
US98379L1008,374964157,XPEL,USD,2021-01-12,59.04,59.89,56.46,59.89,1555,949,58.592
US98379L1008,374964157,XPEL,USD,2021-01-13,59.95,60.74,58.52,59.5,1447,789,59.628
US98379L1008,374964157,XPEL,USD,2021-01-14,59.5,60.77,58.69,59.5,1811,1052,59.796
US98379L1008,374964157,XPEL,USD,2021-01-15,59.56,59.6,55.11,55.4,2488,1202,56.766
US98379L1008,374964157,XPEL,USD,2021-01-19,56.0,56.08,49.29,50.16,5271,2858,51.469
US98379L1008,374964157,XPEL,USD,2021-01-20,50.21,53.88,48.2,52.76,2743,1834,51.943
US98379L1008,374964157,XPEL,USD,2021-01-21,53.13,55.6,50.7,54.15,2270,1286,53.915
US98379L1008,374964157,XPEL,USD,2021-01-22,52.73,54.03,52.23,53.86,1204,599,53.178
US98379L1008,374964157,XPEL,USD,2021-01-25,53.4,54.67,48.73,50.49,2603,1666,50.3
US98379L1008,374964157,XPEL,USD,2021-01-26,50.2,52.5,47.26,51.3,2727,1547,50.533
US98379L1008,374964157,XPEL,USD,2021-01-27,49.04,51.47,48.02,48.1,2422,1587,49.668
US98379L1008,374964157,XPEL,USD,2021-01-28,49.03,49.68,47.32,47.83,1965,1141,48.444
US98379L1008,374964157,XPEL,USD,2021-01-29,47.0,49.51,46.13,48.01,1780,1081,48.279
US98379L1008,374964157,XPEL,USD,2021-02-01,48.2,49.8,47.53,49.71,1160,638,48.605
US98379L1008,374964157,XPEL,USD,2021-02-02,49.5,54.85,49.5,54.02,2362,1189,52.97
US98379L1008,374964157,XPEL,USD,2021-02-03,54.53,55.0,52.19,53.61,1066,620,53.546
US98379L1008,374964157,XPEL,USD,2021-02-04,53.8,54.78,53.3,53.78,1309,802,54.117
US98379L1008,374964157,XPEL,USD,2021-02-05,54.5,56.79,53.37,56.79,1025,569,54.757
US98379L1008,374964157,XPEL,USD,2021-02-08,56.6,58.26,56.0,56.84,1812,989,56.975
US98379L1008,374964157,XPEL,USD,2021-02-09,57.99,58.22,56.95,57.67,1260,743,57.597
US98379L1008,374964157,XPEL,USD,2021-02-10,58.5,58.5,54.31,58.0,2117,1082,57.047
US98379L1008,374964157,XPEL,USD,2021-02-11,58.0,58.5,54.75,55.96,1694,812,56.473
US98379L1008,374964157,XPEL,USD,2021-02-12,55.85,56.51,54.35,56.0,825,501,55.534
US98379L1008,374964157,XPEL,USD,2021-02-16,57.0,58.16,54.8,55.11,1111,695,56.244
US98379L1008,374964157,XPEL,USD,2021-02-17,54.42,55.34,51.58,54.57,2006,1287,53.591
US98379L1008,374964157,XPEL,USD,2021-02-18,53.85,54.29,50.47,53.25,1874,1019,52.447
US98379L1008,374964157,XPEL,USD,2021-02-19,53.57,55.2,53.0,54.66,1354,650,54.493
US98379L1008,374964157,XPEL,USD,2021-02-22,54.77,59.99,54.75,57.67,4018,1907,57.702
US98379L1008,374964157,XPEL,USD,2021-02-23,52.0,55.5,47.26,51.77,5831,3260,49.896
US98379L1008,374964157,XPEL,USD,2021-02-24,50.0,51.01,45.44,46.29,2838,1598,47.35
US98379L1008,374964157,XPEL,USD,2021-02-25,46.5,47.0,44.11,45.57,4757,2239,45.622
US98379L1008,374964157,XPEL,USD,2021-02-26,45.57,49.69,44.0,48.35,2694,1552,48.032
US98379L1008,374964157,XPEL,USD,2021-03-01,49.09,52.7,49.09,52.19,1518,896,50.99
US98379L1008,374964157,XPEL,USD,2021-03-02,52.55,54.47,51.3,52.86,1690,1013,52.851
US98379L1008,374964157,XPEL,USD,2021-03-03,54.0,54.0,46.16,49.01,4013,2389,48.944
US98379L1008,374964157,XPEL,USD,2021-03-04,47.66,50.89,46.03,49.51,3146,2030,49.15
US98379L1008,374964157,XPEL,USD,2021-03-05,50.0,50.0,45.14,49.78,2184,1335,47.559
US98379L1008,374964157,XPEL,USD,2021-03-08,49.42,51.69,48.1,49.15,2254,1259,49.502
US98379L1008,374964157,XPEL,USD,2021-03-09,50.21,54.46,50.21,53.72,1696,1292,52.929
US98379L1008,374964157,XPEL,USD,2021-03-10,54.7,56.44,53.95,54.84,2741,1583,54.977
US98379L1008,374964157,XPEL,USD,2021-03-11,53.56,65.74,52.0,64.99,8113,4164,60.533
US98379L1008,374964157,XPEL,USD,2021-03-12,64.3,65.57,60.2,63.0,3085,2000,63.087
US98379L1008,374964157,XPEL,USD,2021-03-15,63.5,64.0,60.38,62.43,2273,1338,62.539
US98379L1008,374964157,XPEL,USD,2021-03-16,63.0,64.62,59.41,60.7,2064,1182,62.224
US98379L1008,374964157,XPEL,USD,2021-03-17,60.0,62.88,57.21,61.78,2158,1133,60.656
US98379L1008,374964157,XPEL,USD,2021-03-18,61.72,61.72,55.21,55.57,2116,1129,58.221
US98379L1008,374964157,XPEL,USD,2021-03-19,55.25,57.46,54.11,57.46,2730,837,55.483
US98379L1008,374964157,XPEL,USD,2021-03-22,56.84,58.93,54.75,55.26,992,619,55.541
US98379L1008,374964157,XPEL,USD,2021-03-23,54.27,54.59,51.66,53.22,1418,903,53.065
US98379L1008,374964157,XPEL,USD,2021-03-24,53.49,54.63,51.06,51.36,1316,868,52.189
US98379L1008,374964157,XPEL,USD,2021-03-25,50.21,54.66,49.03,53.99,1160,787,52.317
US98379L1008,374964157,XPEL,USD,2021-03-26,54.55,54.69,50.68,52.86,928,632,52.753
US98379L1008,374964157,XPEL,USD,2021-03-29,52.96,53.57,50.31,50.71,993,680,51.226
US98379L1008,374964157,XPEL,USD,2021-03-30,50.67,51.43,49.11,51.1,1025,733,50.527
US98379L1008,374964157,XPEL,USD,2021-03-31,51.86,53.48,51.59,51.93,1426,527,52.15
US98379L1008,374964157,XPEL,USD,2021-04-01,53.52,54.92,53.07,54.76,956,563,54.279
US98379L1008,374964157,XPEL,USD,2021-04-05,55.35,56.19,54.13,55.63,699,436,55.307
US98379L1008,374964157,XPEL,USD,2021-04-06,55.96,58.1,55.71,56.74,777,377,57.056
US98379L1008,374964157,XPEL,USD,2021-04-07,56.31,57.97,54.54,54.93,1030,637,56.48
US98379L1008,374964157,XPEL,USD,2021-04-08,55.2,57.85,55.01,57.57,1733,632,57.146
US98379L1008,374964157,XPEL,USD,2021-04-09,57.31,58.63,56.53,58.5,624,332,57.702
US98379L1008,374964157,XPEL,USD,2021-04-12,58.08,59.82,56.5,59.49,1289,689,58.766
US98379L1008,374964157,XPEL,USD,2021-04-13,59.61,61.19,58.45,59.89,979,573,59.864
US98379L1008,374964157,XPEL,USD,2021-04-14,60.11,61.86,59.56,59.73,581,383,60.74
US98379L1008,374964157,XPEL,USD,2021-04-15,60.45,60.45,57.53,59.22,714,392,59.136
US98379L1008,374964157,XPEL,USD,2021-04-16,59.71,61.0,58.03,60.76,916,502,60.404
US98379L1008,374964157,XPEL,USD,2021-04-19,60.84,61.45,59.53,60.29,1026,545,60.369
US98379L1008,374964157,XPEL,USD,2021-04-20,59.64,60.02,56.63,58.44,1170,569,58.276
US98379L1008,374964157,XPEL,USD,2021-04-21,57.93,62.73,57.36,62.27,939,556,61.455
US98379L1008,374964157,XPEL,USD,2021-04-22,62.29,65.26,60.67,63.16,1350,722,63.608
US98379L1008,374964157,XPEL,USD,2021-04-23,63.36,66.31,63.0,64.83,810,468,65.167
US98379L1008,374964157,XPEL,USD,2021-04-26,66.6,68.73,65.89,68.42,1251,547,67.713
US98379L1008,374964157,XPEL,USD,2021-04-27,67.69,67.69,65.39,65.56,552,344,65.993
US98379L1008,374964157,XPEL,USD,2021-04-28,64.07,66.94,63.58,66.18,300,182,65.876
US98379L1008,374964157,XPEL,USD,2021-04-29,66.24,68.42,63.86,65.55,525,250,65.666
US98379L1008,374964157,XPEL,USD,2021-04-30,64.4,65.99,63.63,64.1,550,276,64.413
US98379L1008,374964157,XPEL,USD,2021-05-03,65.15,65.93,63.5,65.51,477,324,64.817
US98379L1008,374964157,XPEL,USD,2021-05-04,64.42,64.42,61.19,62.74,842,465,62.508
US98379L1008,374964157,XPEL,USD,2021-05-05,62.62,63.93,61.36,62.0,758,462,62.2
US98379L1008,374964157,XPEL,USD,2021-05-06,61.4,61.65,56.99,57.98,1972,1205,59.128
US98379L1008,374964157,XPEL,USD,2021-05-07,58.0,63.21,58.0,62.99,2343,1103,60.999
US98379L1008,374964157,XPEL,USD,2021-05-10,65.0,69.49,64.15,67.75,2039,1163,67.408
US98379L1008,374964157,XPEL,USD,2021-05-11,66.0,70.93,65.67,69.76,2027,1301,69.394
US98379L1008,374964157,XPEL,USD,2021-05-12,70.0,73.03,69.76,71.27,2512,1678,71.655
US98379L1008,374964157,XPEL,USD,2021-05-13,71.82,74.84,71.64,74.15,2638,1677,73.271
US98379L1008,374964157,XPEL,USD,2021-05-14,75.0,78.0,74.6,75.9,1521,737,75.938
US98379L1008,374964157,XPEL,USD,2021-05-17,76.5,77.1,72.82,76.51,1437,788,75.635
US98379L1008,374964157,XPEL,USD,2021-05-18,79.01,79.01,74.53,74.92,1739,1208,75.38
US98379L1008,374964157,XPEL,USD,2021-05-19,74.0,76.59,72.36,75.56,957,551,75.131
US98379L1008,374964157,XPEL,USD,2021-05-20,76.55,77.77,74.81,76.31,1017,444,76.464
US98379L1008,374964157,XPEL,USD,2021-05-21,77.51,79.29,76.65,76.78,1476,590,77.608
US98379L1008,374964157,XPEL,USD,2021-05-24,77.71,81.0,76.83,76.92,1459,828,78.659
US98379L1008,374964157,XPEL,USD,2021-05-25,77.43,81.0,77.43,81.0,1679,1032,79.427
US98379L1008,374964157,XPEL,USD,2021-05-26,81.66,89.51,78.65,82.0,5571,2243,83.674
US98379L1008,374964157,XPEL,USD,2021-05-27,82.04,85.86,80.12,80.6,2650,986,82.072
US98379L1008,374964157,XPEL,USD,2021-05-28,80.0,82.8,80.0,82.0,1433,890,81.967
US98379L1008,374964157,XPEL,USD,2021-06-01,81.79,84.58,81.67,84.25,1193,763,83.204
US98379L1008,374964157,XPEL,USD,2021-06-02,84.2,84.5,81.9,83.41,930,614,83.136
US98379L1008,374964157,XPEL,USD,2021-06-03,83.11,83.93,81.5,83.54,692,455,82.994
US98379L1008,374964157,XPEL,USD,2021-06-04,84.0,88.92,83.5,88.47,1688,860,87.459
US98379L1008,374964157,XPEL,USD,2021-06-07,89.0,94.21,87.62,92.0,2601,1655,91.842
US98379L1008,374964157,XPEL,USD,2021-06-08,92.1,92.99,90.29,91.5,1243,800,91.647
US98379L1008,374964157,XPEL,USD,2021-06-09,91.38,92.41,88.62,89.0,782,498,89.86
US98379L1008,374964157,XPEL,USD,2021-06-10,89.28,90.31,87.18,87.3,856,548,88.449
US98379L1008,374964157,XPEL,USD,2021-06-11,87.76,90.38,87.32,90.21,586,391,89.142
US98379L1008,374964157,XPEL,USD,2021-06-14,91.5,91.5,87.61,88.12,781,357,88.87
US98379L1008,374964157,XPEL,USD,2021-06-15,88.5,88.8,85.74,88.6,543,330,87.691
US98379L1008,374964157,XPEL,USD,2021-06-16,88.58,91.06,87.46,90.3,556,283,89.724
US98379L1008,374964157,XPEL,USD,2021-06-17,89.07,90.58,85.53,86.61,1212,652,87.339
US98379L1008,374964157,XPEL,USD,2021-06-18,85.08,85.83,81.34,84.4,2208,1062,83.806
US98379L1008,374964157,XPEL,USD,2021-06-21,85.0,89.0,84.5,88.71,1193,555,87.44
US98379L1008,374964157,XPEL,USD,2021-06-22,88.5,88.75,84.5,86.13,1230,625,85.841
US98379L1008,374964157,XPEL,USD,2021-06-23,86.57,89.98,86.36,89.11,888,513,88.541
US98379L1008,374964157,XPEL,USD,2021-06-24,90.0,90.5,87.81,87.86,812,438,89.152
US98379L1008,374964157,XPEL,USD,2021-06-25,89.95,89.95,86.12,86.32,1471,353,86.717
US98379L1008,374964157,XPEL,USD,2021-06-28,86.83,87.6,83.0,86.07,1300,808,84.97
US98379L1008,374964157,XPEL,USD,2021-06-29,86.21,86.77,83.5,84.78,1113,620,84.889
US98379L1008,374964157,XPEL,USD,2021-06-30,85.93,85.93,82.96,83.96,1522,653,83.89
US98379L1008,374964157,XPEL,USD,2021-07-01,84.0,87.43,82.45,87.18,1164,617,85.27
US98379L1008,374964157,XPEL,USD,2021-07-02,87.46,87.58,82.45,82.7,1506,916,83.596
US98379L1008,374964157,XPEL,USD,2021-07-06,82.5,83.51,79.22,82.57,1964,1015,81.783
US98379L1008,374964157,XPEL,USD,2021-07-07,83.3,83.36,78.53,82.03,1876,885,81.401
US98379L1008,374964157,XPEL,USD,2021-07-08,82.15,84.99,79.17,84.09,1715,1207,83.041
US98379L1008,374964157,XPEL,USD,2021-07-09,84.0,85.55,81.27,85.5,937,598,83.543
US98379L1008,374964157,XPEL,USD,2021-07-12,85.55,91.7,83.38,91.3,2127,1098,88.761
US98379L1008,374964157,XPEL,USD,2021-07-13,91.2,91.25,88.26,89.58,1603,1168,89.964
US98379L1008,374964157,XPEL,USD,2021-07-14,90.3,90.3,80.86,84.42,2744,1379,83.975
US98379L1008,374964157,XPEL,USD,2021-07-15,84.51,88.06,83.07,84.19,1286,588,85.285
US98379L1008,374964157,XPEL,USD,2021-07-16,84.35,86.0,83.67,83.94,1004,493,84.659
US98379L1008,374964157,XPEL,USD,2021-07-19,82.56,85.66,79.84,85.06,1701,888,83.42
US98379L1008,374964157,XPEL,USD,2021-07-20,85.87,90.93,85.33,90.0,1502,792,89.34
US98379L1008,374964157,XPEL,USD,2021-07-21,89.98,93.85,89.31,93.64,1616,844,92.118
US98379L1008,374964157,XPEL,USD,2021-07-22,92.1,101.42,91.56,99.34,4882,2545,97.158
US98379L1008,374964157,XPEL,USD,2021-07-23,101.37,102.89,97.16,101.3,2675,1515,100.461
US98379L1008,374964157,XPEL,USD,2021-07-26,104.0,104.0,92.16,95.35,2446,1450,97.04
US98379L1008,374964157,XPEL,USD,2021-07-27,95.07,95.07,84.0,85.3,4339,2687,86.654
US98379L1008,374964157,XPEL,USD,2021-07-28,85.44,87.93,84.0,87.53,1738,999,85.757
US98379L1008,374964157,XPEL,USD,2021-07-29,88.84,92.76,88.3,91.79,1884,1235,91.297
US98379L1008,374964157,XPEL,USD,2021-07-30,92.1,92.9,88.86,92.6,2102,1150,91.245
US98379L1008,374964157,XPEL,USD,2021-08-02,92.81,95.97,91.41,94.34,1746,1049,93.64
US98379L1008,374964157,XPEL,USD,2021-08-03,96.5,96.5,84.17,86.09,2378,1429,86.415
US98379L1008,374964157,XPEL,USD,2021-08-04,87.0,87.0,83.0,84.59,1786,921,84.452
US98379L1008,374964157,XPEL,USD,2021-08-05,83.92,86.47,83.0,85.82,1161,590,85.481
US98379L1008,374964157,XPEL,USD,2021-08-06,85.42,87.63,82.76,83.78,1682,1004,84.412
US98379L1008,374964157,XPEL,USD,2021-08-09,85.83,89.01,79.23,81.96,4510,2695,82.806
US98379L1008,374964157,XPEL,USD,2021-08-10,82.5,85.87,80.38,85.3,1370,828,84.213
US98379L1008,374964157,XPEL,USD,2021-08-11,84.71,87.63,83.4,86.35,1180,696,86.187
US98379L1008,374964157,XPEL,USD,2021-08-12,87.99,87.99,80.11,82.8,1762,1146,82.679
US98379L1008,374964157,XPEL,USD,2021-08-13,84.71,84.71,73.99,76.5,3120,1629,77.079
US98379L1008,374964157,XPEL,USD,2021-08-16,75.0,78.0,73.0,73.0,1441,887,75.399
US98379L1008,374964157,XPEL,USD,2021-08-17,73.0,74.23,70.39,73.1,2994,1521,71.899
US98379L1008,374964157,XPEL,USD,2021-08-18,73.22,75.81,72.7,73.1,1764,929,73.995
US98379L1008,374964157,XPEL,USD,2021-08-19,71.5,73.25,70.39,71.65,2323,1290,71.723
US98379L1008,374964157,XPEL,USD,2021-08-20,71.28,72.69,68.42,69.75,2801,1576,69.88
US98379L1008,374964157,XPEL,USD,2021-08-23,69.89,72.47,69.75,70.53,1593,896,70.91
US98379L1008,374964157,XPEL,USD,2021-08-24,70.79,72.54,70.27,70.91,1151,670,71.249
US98379L1008,374964157,XPEL,USD,2021-08-25,70.92,75.76,70.4,74.6,1995,1298,73.76
US98379L1008,374964157,XPEL,USD,2021-08-26,74.0,76.11,71.67,74.29,2319,1639,74.429
US98379L1008,374964157,XPEL,USD,2021-08-27,74.0,78.87,73.29,77.54,2367,1554,76.976
US98379L1008,374964157,XPEL,USD,2021-08-30,78.0,78.0,75.09,75.21,2361,1409,75.859
US98379L1008,374964157,XPEL,USD,2021-08-31,75.09,75.99,73.73,75.52,1765,1026,75.295
US98379L1008,374964157,XPEL,USD,2021-09-01,76.36,78.03,73.09,76.81,1617,1058,76.049
US98379L1008,374964157,XPEL,USD,2021-09-02,78.12,80.36,77.02,78.24,2331,1476,78.66
US98379L1008,374964157,XPEL,USD,2021-09-03,77.48,77.6,75.64,76.5,1252,689,76.505
US98379L1008,374964157,XPEL,USD,2021-09-07,76.09,77.93,75.75,76.73,1677,1104,76.87
US98379L1008,374964157,XPEL,USD,2021-09-08,76.0,76.26,72.56,75.38,1851,1211,74.502
US98379L1008,374964157,XPEL,USD,2021-09-09,75.5,81.32,74.16,80.28,1935,1218,79.546
US98379L1008,374964157,XPEL,USD,2021-09-10,80.16,83.24,79.82,82.64,2123,1295,82.482
US98379L1008,374964157,XPEL,USD,2021-09-13,84.0,84.84,82.1,82.97,3558,1611,82.982
US98379L1008,374964157,XPEL,USD,2021-09-14,83.55,83.55,80.31,81.15,3223,1650,82.147
US98379L1008,374964157,XPEL,USD,2021-09-15,81.5,83.75,80.0,83.56,1609,627,81.956
US98379L1008,374964157,XPEL,USD,2021-09-16,83.3,84.97,83.0,84.0,1299,851,83.971
US98379L1008,374964157,XPEL,USD,2021-09-17,83.69,86.05,83.06,85.93,2320,808,85.359
US98379L1008,374964157,XPEL,USD,2021-09-20,83.33,85.0,77.86,80.14,1975,1325,81.083
US98379L1008,374964157,XPEL,USD,2021-09-21,81.0,84.24,80.6,83.21,1180,789,82.748
US98379L1008,374964157,XPEL,USD,2021-09-22,83.91,86.08,82.2,83.05,1230,704,83.811
US98379L1008,374964157,XPEL,USD,2021-09-23,83.76,84.11,80.74,82.18,1630,668,81.676
US98379L1008,374964157,XPEL,USD,2021-09-24,81.19,83.75,79.01,80.98,1970,802,82.282
US98379L1008,374964157,XPEL,USD,2021-09-27,81.0,81.0,78.2,79.67,1306,697,79.495
US98379L1008,374964157,XPEL,USD,2021-09-28,78.56,78.56,75.34,77.01,1522,909,77.1
US98379L1008,374964157,XPEL,USD,2021-09-29,77.2,77.2,73.68,76.12,1437,985,75.308
US98379L1008,374964157,XPEL,USD,2021-09-30,76.21,77.37,75.0,75.86,2337,776,75.845
US98379L1008,374964157,XPEL,USD,2021-10-01,75.85,76.18,71.17,73.52,1708,973,73.35
US98379L1008,374964157,XPEL,USD,2021-10-04,72.52,75.83,71.73,75.62,1388,830,74.619
US98379L1008,374964157,XPEL,USD,2021-10-05,76.0,79.27,75.2,77.72,1378,804,77.909
US98379L1008,374964157,XPEL,USD,2021-10-06,71.19,77.09,71.19,74.26,918,489,74.634
US98379L1008,374964157,XPEL,USD,2021-10-07,74.95,77.75,74.04,75.51,1269,593,76.571
US98379L1008,374964157,XPEL,USD,2021-10-08,76.5,77.35,75.45,76.36,838,433,76.283
US98379L1008,374964157,XPEL,USD,2021-10-11,75.0,77.5,72.5,73.0,1092,625,74.671
US98379L1008,374964157,XPEL,USD,2021-10-12,72.59,74.31,70.3,70.57,1888,831,71.077
US98379L1008,374964157,XPEL,USD,2021-10-13,70.57,73.5,70.57,71.13,625,381,71.856
US98379L1008,374964157,XPEL,USD,2021-10-14,71.12,72.77,70.27,71.4,1445,899,71.641
US98379L1008,374964157,XPEL,USD,2021-10-15,71.5,73.86,70.54,70.65,851,472,71.852
US98379L1008,374964157,XPEL,USD,2021-10-18,70.24,73.11,69.01,72.17,1352,760,71.047
US98379L1008,374964157,XPEL,USD,2021-10-19,72.84,73.16,71.56,72.35,308,199,72.318
US98379L1008,374964157,XPEL,USD,2021-10-20,72.02,76.98,71.71,76.92,878,573,75.296
US98379L1008,374964157,XPEL,USD,2021-10-21,76.51,78.35,76.51,77.03,556,276,77.141
US98379L1008,374964157,XPEL,USD,2021-10-22,74.01,77.5,74.01,76.7,209,134,76.548
US98379L1008,374964157,XPEL,USD,2021-10-25,77.03,78.75,76.18,76.18,812,543,77.263
US98379L1008,374964157,XPEL,USD,2021-10-26,76.4,78.04,74.56,75.05,549,385,75.737
US98379L1008,374964157,XPEL,USD,2021-10-27,74.57,75.71,72.87,73.31,1124,567,73.885
US98379L1008,374964157,XPEL,USD,2021-10-28,73.41,75.76,72.5,75.21,850,542,74.72
US98379L1008,374964157,XPEL,USD,2021-10-29,75.04,76.24,73.53,75.9,784,367,75.33
US98379L1008,374964157,XPEL,USD,2021-11-01,76.88,79.83,76.58,79.28,858,523,78.7
US98379L1008,374964157,XPEL,USD,2021-11-02,79.67,79.67,76.14,77.25,1073,598,77.275
US98379L1008,374964157,XPEL,USD,2021-11-03,76.87,79.24,75.01,78.05,1105,683,78.062
US98379L1008,374964157,XPEL,USD,2021-11-04,79.0,79.71,76.0,76.0,1062,652,78.381
US98379L1008,374964157,XPEL,USD,2021-11-05,77.4,77.88,72.07,74.64,2049,1190,73.999
US98379L1008,374964157,XPEL,USD,2021-11-08,74.44,75.26,71.03,71.95,2986,1505,72.975
US98379L1008,374964157,XPEL,USD,2021-11-09,73.1,77.17,67.14,75.15,3367,2151,73.624
US98379L1008,374964157,XPEL,USD,2021-11-10,74.58,76.65,72.31,74.8,2181,1559,75.091
US98379L1008,374964157,XPEL,USD,2021-11-11,74.7,76.49,70.28,71.5,1118,726,72.183
US98379L1008,374964157,XPEL,USD,2021-11-12,70.71,71.45,69.0,70.78,1017,590,70.327
US98379L1008,374964157,XPEL,USD,2021-11-15,71.06,74.36,70.78,73.54,1274,936,72.97
US98379L1008,374964157,XPEL,USD,2021-11-16,73.05,76.9,73.05,76.73,1099,810,76.036
US98379L1008,374964157,XPEL,USD,2021-11-17,76.73,77.66,75.11,75.76,900,662,75.98
US98379L1008,374964157,XPEL,USD,2021-11-18,76.1,77.61,74.6,75.71,1038,645,76.075
US98379L1008,374964157,XPEL,USD,2021-11-19,75.35,76.71,74.75,75.6,988,735,75.656
US98379L1008,374964157,XPEL,USD,2021-11-22,75.59,77.85,74.34,76.52,1274,820,76.608
US98379L1008,374964157,XPEL,USD,2021-11-23,76.79,78.2,72.18,72.8,996,746,73.995
US98379L1008,374964157,XPEL,USD,2021-11-24,72.22,75.98,72.0,74.59,608,508,74.674
US98379L1008,374964157,XPEL,USD,2021-11-26,72.5,73.65,71.1,72.09,438,303,72.29
US98379L1008,374964157,XPEL,USD,2021-11-29,74.0,74.46,71.68,72.65,1145,641,72.838
US98379L1008,374964157,XPEL,USD,2021-11-30,72.33,72.81,70.35,71.6,3050,661,71.796
US98379L1008,374964157,XPEL,USD,2021-12-01,73.46,74.33,69.0,69.0,1776,1157,71.638
US98379L1008,374964157,XPEL,USD,2021-12-02,69.51,70.62,62.55,64.54,2734,1895,65.019
US98379L1008,374964157,XPEL,USD,2021-12-03,65.48,66.0,63.14,65.01,1524,1044,64.845
US98379L1008,374964157,XPEL,USD,2021-12-06,65.25,66.6,61.21,65.94,1226,639,65.023
US98379L1008,374964157,XPEL,USD,2021-12-07,66.86,70.51,66.86,67.87,1191,537,68.399
US98379L1008,374964157,XPEL,USD,2021-12-08,67.65,69.32,66.32,68.38,764,465,68.305
US98379L1008,374964157,XPEL,USD,2021-12-09,68.0,68.72,66.79,67.4,1606,961,67.397
US98379L1008,374964157,XPEL,USD,2021-12-10,67.73,68.17,64.11,65.72,1038,595,65.777
US98379L1008,374964157,XPEL,USD,2021-12-13,65.12,65.77,63.0,63.32,1153,682,63.826
US98379L1008,374964157,XPEL,USD,2021-12-14,63.07,65.37,61.75,65.05,1252,825,64.152
US98379L1008,374964157,XPEL,USD,2021-12-15,64.96,67.62,63.79,67.46,929,442,66.349
US98379L1008,374964157,XPEL,USD,2021-12-16,67.87,68.43,65.44,66.96,1808,1121,66.713
US98379L1008,374964157,XPEL,USD,2021-12-17,66.02,68.5,64.88,67.14,1986,852,66.783
US98379L1008,374964157,XPEL,USD,2021-12-20,66.08,66.08,63.63,64.63,869,504,64.521
US98379L1008,374964157,XPEL,USD,2021-12-21,65.21,67.45,64.42,67.42,607,298,66.702
US98379L1008,374964157,XPEL,USD,2021-12-22,67.73,69.6,65.51,68.63,584,438,68.781
US98379L1008,374964157,XPEL,USD,2021-12-23,68.88,69.76,68.28,68.51,452,311,68.961
US98379L1008,374964157,XPEL,USD,2021-12-27,68.11,71.78,68.1,70.92,1092,582,70.542
US98379L1008,374964157,XPEL,USD,2021-12-28,70.76,72.03,69.31,70.49,1072,684,70.876
US98379L1008,374964157,XPEL,USD,2021-12-29,70.12,70.5,68.65,69.84,725,424,69.747
US98379L1008,374964157,XPEL,USD,2021-12-30,70.43,72.27,69.68,70.12,690,377,70.704
US98379L1008,374964157,XPEL,USD,2021-12-31,70.21,70.67,68.28,68.51,669,396,68.933
US98379L1008,374964157,XPEL,USD,2022-01-03,69.03,72.56,68.6,71.85,908,585,71.269
US98379L1008,374964157,XPEL,USD,2022-01-04,71.58,71.58,68.71,69.75,976,580,69.833
US98379L1008,374964157,XPEL,USD,2022-01-05,69.71,69.72,65.47,66.59,1872,1050,67.199
US98379L1008,374964157,XPEL,USD,2022-01-06,65.73,68.93,65.21,68.33,938,578,67.819
US98379L1008,374964157,XPEL,USD,2022-01-07,68.35,69.44,65.31,66.5,2046,932,66.635
US98379L1008,374964157,XPEL,USD,2022-01-10,65.01,65.75,62.23,65.03,1207,693,64.232
US98379L1008,374964157,XPEL,USD,2022-01-11,65.93,67.52,64.93,67.51,394,271,66.722
US98379L1008,374964157,XPEL,USD,2022-01-12,67.58,68.4,66.01,66.55,914,488,67.031
US98379L1008,374964157,XPEL,USD,2022-01-13,66.57,67.52,64.8,65.5,712,392,66.067
US98379L1008,374964157,XPEL,USD,2022-01-14,64.66,66.0,63.59,65.5,688,353,64.724
US98379L1008,374964157,XPEL,USD,2022-01-18,63.83,64.0,62.28,62.87,1289,721,63.068
US98379L1008,374964157,XPEL,USD,2022-01-19,62.7,63.5,61.2,62.0,1934,1136,62.235
US98379L1008,374964157,XPEL,USD,2022-01-20,62.59,64.64,60.44,60.73,970,543,61.528
US98379L1008,374964157,XPEL,USD,2022-01-21,60.02,61.77,58.36,59.24,3152,2225,60.327
US98379L1008,374964157,XPEL,USD,2022-01-24,56.63,58.9,53.33,58.9,2033,1278,56.025
US98379L1008,374964157,XPEL,USD,2022-01-25,58.5,59.62,55.42,58.2,651,423,57.625
US98379L1008,374964157,XPEL,USD,2022-01-26,59.58,63.09,59.54,60.45,1502,1023,61.073
US98379L1008,374964157,XPEL,USD,2022-01-27,60.92,61.56,56.43,56.72,2037,1246,58.117
US98379L1008,374964157,XPEL,USD,2022-01-28,56.51,59.81,55.25,58.91,1280,848,58.528
US98379L1008,374964157,XPEL,USD,2022-01-31,59.85,62.7,59.8,62.36,891,537,62.015
US98379L1008,374964157,XPEL,USD,2022-02-01,62.76,64.36,61.89,63.8,1212,775,63.567
US98379L1008,374964157,XPEL,USD,2022-02-02,64.48,64.6,61.04,61.51,1503,960,62.653
US98379L1008,374964157,XPEL,USD,2022-02-03,59.75,62.1,59.7,61.7,1265,846,61.323
US98379L1008,374964157,XPEL,USD,2022-02-04,61.84,63.35,61.44,62.57,1341,902,62.511
US98379L1008,374964157,XPEL,USD,2022-02-07,62.18,63.5,57.21,58.25,1735,1187,59.512
US98379L1008,374964157,XPEL,USD,2022-02-08,58.01,62.2,58.01,61.67,855,561,61.032
US98379L1008,374964157,XPEL,USD,2022-02-09,62.72,62.99,59.83,60.31,1232,784,60.498
US98379L1008,374964157,XPEL,USD,2022-02-10,58.89,65.0,57.51,64.25,813,449,58.708
US98379L1008,374964157,XPEL,USD,2022-02-11,63.02,69.05,62.25,62.95,23237,15407,65.661
US98379L1008,374964157,XPEL,USD,2022-02-14,62.33,64.33,59.37,62.57,36592,9172,62.462
US98379L1008,374964157,XPEL,USD,2022-02-15,62.84,68.28,62.84,67.87,3760,2713,66.993
US98379L1008,374964157,XPEL,USD,2022-02-16,67.19,70.67,67.19,70.08,3155,2469,69.621
US98379L1008,374964157,XPEL,USD,2022-02-17,69.13,69.67,67.16,68.28,1297,898,68.325
US98379L1008,374964157,XPEL,USD,2022-02-18,68.14,68.67,65.7,65.94,1162,846,66.566
US98379L1008,374964157,XPEL,USD,2022-02-22,65.08,67.01,64.25,64.92,1408,1116,65.171
US98379L1008,374964157,XPEL,USD,2022-02-23,65.82,66.84,62.55,62.9,1383,1056,63.891
US98379L1008,374964157,XPEL,USD,2022-02-24,60.26,66.51,58.72,66.32,1368,989,64.568
US98379L1008,374964157,XPEL,USD,2022-02-25,66.5,71.34,66.33,70.43,4071,2931,69.94
US98379L1008,374964157,XPEL,USD,2022-02-28,69.0,74.28,67.5,72.6,3605,2606,72.067
US98379L1008,374964157,XPEL,USD,2022-03-01,71.98,73.54,67.06,67.9,3596,2231,70.579
US98379L1008,374964157,XPEL,USD,2022-03-02,68.52,68.52,64.58,65.69,1706,1159,65.783
US98379L1008,374964157,XPEL,USD,2022-03-03,65.67,65.67,59.0,62.95,3255,2030,61.572
US98379L1008,374964157,XPEL,USD,2022-03-04,61.63,61.63,56.67,57.87,1791,1195,57.973
US98379L1008,374964157,XPEL,USD,2022-03-07,56.78,58.45,56.09,56.62,2380,1679,57.101
US98379L1008,374964157,XPEL,USD,2022-03-08,56.0,58.37,54.5,56.51,1934,1257,56.657
US98379L1008,374964157,XPEL,USD,2022-03-09,58.17,59.11,57.34,58.15,1432,924,58.171
US98379L1008,374964157,XPEL,USD,2022-03-10,56.79,58.35,54.9,58.16,1525,1050,56.881
US98379L1008,374964157,XPEL,USD,2022-03-11,58.74,59.12,56.7,57.32,1596,1120,57.616
US98379L1008,374964157,XPEL,USD,2022-03-14,57.31,57.54,53.64,54.06,1736,1184,55.07
US98379L1008,374964157,XPEL,USD,2022-03-15,53.94,54.9,52.42,53.69,1903,1176,53.56
US98379L1008,374964157,XPEL,USD,2022-03-16,55.0,57.78,55.0,57.26,1946,1203,56.755
US98379L1008,374964157,XPEL,USD,2022-03-17,56.93,58.3,56.93,57.85,794,427,57.684
US98379L1008,374964157,XPEL,USD,2022-03-18,57.12,61.38,57.12,60.97,2505,687,60.308
US98379L1008,374964157,XPEL,USD,2022-03-21,60.96,61.32,57.87,58.36,1059,563,59.09
US98379L1008,374964157,XPEL,USD,2022-03-22,58.75,60.46,58.73,59.71,713,379,59.688
US98379L1008,374964157,XPEL,USD,2022-03-23,58.93,59.05,55.59,55.92,1050,646,56.541
US98379L1008,374964157,XPEL,USD,2022-03-24,56.49,57.46,54.91,56.71,1081,669,56.537
US98379L1008,374964157,XPEL,USD,2022-03-25,56.62,57.0,54.2,55.02,1041,569,55.023
US98379L1008,374964157,XPEL,USD,2022-03-28,54.75,55.79,54.18,55.35,1410,829,55.191
US98379L1008,374964157,XPEL,USD,2022-03-29,56.22,58.63,56.22,58.08,2076,1235,57.909
US98379L1008,374964157,XPEL,USD,2022-03-30,57.53,58.47,56.07,56.25,994,555,56.812
US98379L1008,374964157,XPEL,USD,2022-03-31,56.0,56.22,52.48,52.6,2025,931,53.471
US98379L1008,374964157,XPEL,USD,2022-04-01,53.1,53.31,50.01,51.5,1276,571,52.053
US98379L1008,374964157,XPEL,USD,2022-04-04,50.85,52.86,50.71,51.6,2533,999,51.777
US98379L1008,374964157,XPEL,USD,2022-04-05,51.45,52.49,49.28,49.75,1878,1095,50.045
US98379L1008,374964157,XPEL,USD,2022-04-06,48.87,48.98,45.68,46.08,3430,2292,46.443
US98379L1008,374964157,XPEL,USD,2022-04-07,46.48,47.86,44.96,47.3,2281,1282,46.584
US98379L1008,374964157,XPEL,USD,2022-04-08,47.04,47.23,45.66,45.98,1064,606,46.391
US98379L1008,374964157,XPEL,USD,2022-04-11,45.5,46.87,45.01,46.06,1001,476,46.086
US98379L1008,374964157,XPEL,USD,2022-04-12,46.99,47.8,46.24,46.7,1038,618,46.741
US98379L1008,374964157,XPEL,USD,2022-04-13,46.59,47.83,46.56,46.95,811,523,47.25
US98379L1008,374964157,XPEL,USD,2022-04-14,46.97,47.21,46.51,46.65,859,547,46.658
US98379L1008,374964157,XPEL,USD,2022-04-18,46.56,47.78,46.12,47.14,1817,658,46.806
US98379L1008,374964157,XPEL,USD,2022-04-19,46.91,48.31,46.66,47.85,958,564,47.749
US98379L1008,374964157,XPEL,USD,2022-04-20,48.08,48.56,46.13,46.16,1306,764,47.143
US98379L1008,374964157,XPEL,USD,2022-04-21,47.1,47.51,44.0,44.55,994,593,44.934
US98379L1008,374964157,XPEL,USD,2022-04-22,44.14,44.7,42.86,43.23,937,587,43.548
US98379L1008,374964157,XPEL,USD,2022-04-25,42.65,44.08,42.26,44.04,1105,594,43.359
US98379L1008,374964157,XPEL,USD,2022-04-26,43.6,43.77,42.17,42.17,1030,616,42.634
US98379L1008,374964157,XPEL,USD,2022-04-27,42.22,42.98,41.25,41.69,1338,951,41.836
US98379L1008,374964157,XPEL,USD,2022-04-28,42.23,43.14,40.5,43.01,1238,859,42.133
US98379L1008,374964157,XPEL,USD,2022-04-29,42.57,44.36,42.57,43.27,1395,914,43.532
US98379L1008,374964157,XPEL,USD,2022-05-02,43.24,46.47,42.6,45.47,2507,1690,45.002
US98379L1008,374964157,XPEL,USD,2022-05-03,45.48,46.67,44.56,44.94,921,575,45.526
US98379L1008,374964157,XPEL,USD,2022-05-04,45.05,47.35,44.18,47.18,949,581,46.1
US98379L1008,374964157,XPEL,USD,2022-05-05,46.09,47.1,44.05,45.36,1157,754,45.368
US98379L1008,374964157,XPEL,USD,2022-05-06,45.24,45.75,43.36,44.12,1071,626,44.461
US98379L1008,374964157,XPEL,USD,2022-05-09,43.49,43.77,40.08,42.2,2076,1309,42.109
US98379L1008,374964157,XPEL,USD,2022-05-10,47.97,48.0,39.8,46.39,3679,2658,44.567
US98379L1008,374964157,XPEL,USD,2022-05-11,45.38,50.25,45.15,46.94,2729,1849,48.03
US98379L1008,374964157,XPEL,USD,2022-05-12,44.6,48.24,44.6,46.33,1760,1246,46.726
US98379L1008,374964157,XPEL,USD,2022-05-13,46.88,49.9,46.88,47.66,1751,976,48.363
US98379L1008,374964157,XPEL,USD,2022-05-16,47.4,48.78,46.34,46.99,822,483,47.139
US98379L1008,374964157,XPEL,USD,2022-05-17,48.03,49.46,47.4,47.97,1127,679,47.951
US98379L1008,374964157,XPEL,USD,2022-05-18,47.5,49.25,46.22,46.52,2623,1381,47.692
US98379L1008,374964157,XPEL,USD,2022-05-19,46.5,48.0,45.72,47.07,1595,858,47.292
US98379L1008,374964157,XPEL,USD,2022-05-20,47.43,48.29,45.02,47.25,1579,844,47.243
US98379L1008,374964157,XPEL,USD,2022-05-23,47.86,49.69,46.45,49.33,1512,948,48.294
US98379L1008,374964157,XPEL,USD,2022-05-24,48.33,48.86,45.78,46.18,1180,868,46.484
US98379L1008,374964157,XPEL,USD,2022-05-25,45.98,50.23,45.98,49.43,1151,718,49.058
US98379L1008,374964157,XPEL,USD,2022-05-26,49.66,52.62,49.66,51.56,2263,1280,51.708
US98379L1008,374964157,XPEL,USD,2022-05-27,51.98,53.48,50.74,51.7,1242,735,51.694
US98379L1008,374964157,XPEL,USD,2022-05-31,51.95,52.36,50.01,51.62,2328,1010,51.319
US98379L1008,374964157,XPEL,USD,2022-06-01,51.88,51.88,50.4,51.26,1211,766,51.254
US98379L1008,374964157,XPEL,USD,2022-06-02,51.03,54.25,50.59,54.01,1661,987,53.651
US98379L1008,374964157,XPEL,USD,2022-06-03,53.23,53.59,51.88,52.16,1110,563,52.481
US98379L1008,374964157,XPEL,USD,2022-06-06,52.56,53.0,51.24,51.46,1057,619,51.725
US98379L1008,374964157,XPEL,USD,2022-06-07,51.22,52.58,50.8,51.59,724,326,51.683
US98379L1008,374964157,XPEL,USD,2022-06-08,51.63,51.66,50.46,51.1,934,534,51.196
US98379L1008,374964157,XPEL,USD,2022-06-09,50.56,51.13,49.93,50.35,817,452,50.498
US98379L1008,374964157,XPEL,USD,2022-06-10,49.19,50.19,48.51,50.0,425,240,49.104
US98379L1008,374964157,XPEL,USD,2022-06-13,48.0,48.0,45.67,46.71,669,385,46.829
US98379L1008,374964157,XPEL,USD,2022-06-14,46.95,47.91,46.06,47.45,856,582,47.282
US98379L1008,374964157,XPEL,USD,2022-06-15,48.23,48.64,46.58,46.86,933,507,47.171
US98379L1008,374964157,XPEL,USD,2022-06-16,45.43,45.43,42.99,43.41,1014,496,43.816
US98379L1008,374964157,XPEL,USD,2022-06-17,43.63,45.78,43.63,45.17,1038,314,44.944
US98379L1008,374964157,XPEL,USD,2022-06-21,46.01,46.73,45.39,45.6,989,674,45.842
US98379L1008,374964157,XPEL,USD,2022-06-22,44.88,45.71,44.0,45.66,940,622,45.158
US98379L1008,374964157,XPEL,USD,2022-06-23,45.59,46.88,44.09,46.29,1261,637,46.062
US98379L1008,374964157,XPEL,USD,2022-06-24,46.66,48.77,46.66,46.94,3940,945,47.159
US98379L1008,374964157,XPEL,USD,2022-06-27,47.58,49.66,47.27,48.34,808,503,48.428
US98379L1008,374964157,XPEL,USD,2022-06-28,48.43,49.99,46.28,46.4,972,687,47.327
US98379L1008,374964157,XPEL,USD,2022-06-29,46.57,46.57,44.83,45.83,701,399,45.655
US98379L1008,374964157,XPEL,USD,2022-06-30,44.97,46.4,44.2,45.93,712,342,45.612
US98379L1008,374964157,XPEL,USD,2022-07-01,45.33,46.34,44.23,45.31,899,480,45.112
US98379L1008,374964157,XPEL,USD,2022-07-05,44.47,46.96,43.89,46.87,1039,508,46.026
US98379L1008,374964157,XPEL,USD,2022-07-06,47.06,49.45,46.26,48.54,721,488,48.057
US98379L1008,374964157,XPEL,USD,2022-07-07,49.3,51.8,48.98,51.73,964,434,51.289
US98379L1008,374964157,XPEL,USD,2022-07-08,51.2,52.57,50.5,52.41,818,339,52.16
US98379L1008,374964157,XPEL,USD,2022-07-11,52.11,52.11,50.76,51.27,616,362,51.316
US98379L1008,374964157,XPEL,USD,2022-07-12,51.02,54.36,51.02,52.83,733,466,53.277
US98379L1008,374964157,XPEL,USD,2022-07-13,52.5,53.26,51.41,52.33,535,339,52.505
US98379L1008,374964157,XPEL,USD,2022-07-14,51.8,51.92,49.65,51.86,941,597,51.031
US98379L1008,374964157,XPEL,USD,2022-07-15,53.0,55.5,51.79,55.39,1502,662,54.108
US98379L1008,374964157,XPEL,USD,2022-07-18,55.86,56.95,53.5,53.62,1404,741,54.836
US98379L1008,374964157,XPEL,USD,2022-07-19,54.36,56.89,54.3,56.59,837,366,56.418
US98379L1008,374964157,XPEL,USD,2022-07-20,57.0,62.08,57.0,61.6,2341,1662,60.738
US98379L1008,374964157,XPEL,USD,2022-07-21,61.48,62.0,60.41,61.07,2220,1338,61.313
US98379L1008,374964157,XPEL,USD,2022-07-22,62.0,62.0,59.38,61.12,961,656,60.678
US98379L1008,374964157,XPEL,USD,2022-07-25,61.09,61.11,59.13,59.13,642,386,59.75
US98379L1008,374964157,XPEL,USD,2022-07-26,59.06,59.06,56.01,57.16,1036,664,57.0
US98379L1008,374964157,XPEL,USD,2022-07-27,57.6,59.06,57.04,58.75,914,607,58.293
US98379L1008,374964157,XPEL,USD,2022-07-28,59.24,60.73,58.79,60.57,630,432,60.041
US98379L1008,374964157,XPEL,USD,2022-07-29,61.26,61.97,60.94,61.29,817,502,61.28
US98379L1008,374964157,XPEL,USD,2022-08-01,60.8,61.9,59.9,61.38,929,662,61.065
US98379L1008,374964157,XPEL,USD,2022-08-02,61.4,61.6,59.58,60.0,819,549,60.401
US98379L1008,374964157,XPEL,USD,2022-08-03,63.0,63.36,60.53,62.83,660,368,62.405
US98379L1008,374964157,XPEL,USD,2022-08-04,62.65,64.17,62.65,64.01,357,208,63.783
US98379L1008,374964157,XPEL,USD,2022-08-05,63.91,64.88,63.06,64.45,809,395,64.184
US98379L1008,374964157,XPEL,USD,2022-08-08,64.46,65.93,63.88,65.25,1801,697,64.813
US98379L1008,374964157,XPEL,USD,2022-08-09,66.5,75.83,65.72,74.0,3698,2486,73.317
US98379L1008,374964157,XPEL,USD,2022-08-10,77.0,81.98,76.36,80.98,2314,1292,79.98
US98379L1008,374964157,XPEL,USD,2022-08-11,81.18,81.18,78.86,80.33,3041,1521,80.48
US98379L1008,374964157,XPEL,USD,2022-08-12,80.91,85.64,79.6,84.33,3271,2031,83.003
US98379L1008,374964157,XPEL,USD,2022-08-15,84.42,87.01,82.51,85.0,1519,1024,85.035
US98379L1008,374964157,XPEL,USD,2022-08-16,84.01,87.0,84.01,86.38,2493,1478,86.171
US98379L1008,374964157,XPEL,USD,2022-08-17,85.8,85.8,81.88,82.98,1846,1145,82.912
US98379L1008,374964157,XPEL,USD,2022-08-18,82.26,82.94,80.25,81.18,2855,1751,81.693
US98379L1008,374964157,XPEL,USD,2022-08-19,78.95,79.71,74.87,74.99,1352,823,76.404
US98379L1008,374964157,XPEL,USD,2022-08-22,74.0,74.05,72.79,73.34,1458,992,73.448
US98379L1008,374964157,XPEL,USD,2022-08-23,72.8,73.94,71.62,72.2,1202,924,72.251
US98379L1008,374964157,XPEL,USD,2022-08-24,71.63,72.0,70.28,70.45,1076,754,70.96
US98379L1008,374964157,XPEL,USD,2022-08-25,71.0,72.42,70.65,71.79,1914,1228,71.884
US98379L1008,374964157,XPEL,USD,2022-08-26,71.97,72.88,69.48,69.91,1445,959,70.237
US98379L1008,374964157,XPEL,USD,2022-08-29,69.0,69.94,68.3,68.66,1023,650,69.01
US98379L1008,374964157,XPEL,USD,2022-08-30,69.44,69.44,67.82,68.97,1469,1050,68.306
US98379L1008,374964157,XPEL,USD,2022-08-31,69.58,70.04,67.38,68.53,1236,737,68.439
US98379L1008,374964157,XPEL,USD,2022-09-01,67.79,69.5,66.16,69.5,649,458,68.083
US98379L1008,374964157,XPEL,USD,2022-09-02,70.0,70.8,67.38,67.89,796,550,68.49
US98379L1008,374964157,XPEL,USD,2022-09-06,68.33,68.77,66.0,66.54,962,683,66.673
US98379L1008,374964157,XPEL,USD,2022-09-07,66.57,68.68,66.5,68.51,1282,881,67.806
US98379L1008,374964157,XPEL,USD,2022-09-08,68.05,69.83,67.64,69.21,568,437,69.161
US98379L1008,374964157,XPEL,USD,2022-09-09,69.93,70.84,68.5,70.66,617,399,70.152
US98379L1008,374964157,XPEL,USD,2022-09-12,71.26,72.36,70.35,71.14,1174,526,71.144
US98379L1008,374964157,XPEL,USD,2022-09-13,68.82,69.76,67.78,67.78,751,470,68.374
US98379L1008,374964157,XPEL,USD,2022-09-14,67.82,68.5,66.51,67.35,1068,661,67.326
US98379L1008,374964157,XPEL,USD,2022-09-15,67.12,68.52,65.4,66.08,822,537,66.374
US98379L1008,374964157,XPEL,USD,2022-09-16,65.23,66.78,64.9,65.21,6928,1069,65.278
US98379L1008,374964157,XPEL,USD,2022-09-19,64.1,64.79,62.58,64.39,946,678,63.85
US98379L1008,374964157,XPEL,USD,2022-09-20,63.47,64.24,62.75,63.2,539,368,63.588
US98379L1008,374964157,XPEL,USD,2022-09-21,63.53,65.12,62.54,62.55,625,424,63.377
US98379L1008,374964157,XPEL,USD,2022-09-22,62.01,62.15,60.33,61.35,977,583,61.19
US98379L1008,374964157,XPEL,USD,2022-09-23,60.23,61.24,59.26,61.14,854,460,60.087
US98379L1008,374964157,XPEL,USD,2022-09-26,59.98,61.11,59.42,60.24,1096,649,60.208
US98379L1008,374964157,XPEL,USD,2022-09-27,62.46,65.0,61.76,65.0,823,426,63.937
US98379L1008,374964157,XPEL,USD,2022-09-28,65.36,68.2,64.51,67.92,1038,584,67.37
US98379L1008,374964157,XPEL,USD,2022-09-29,66.4,67.13,63.27,63.77,1017,687,64.146
US98379L1008,374964157,XPEL,USD,2022-09-30,64.15,65.85,63.68,64.44,898,372,64.785
US98379L1008,374964157,XPEL,USD,2022-10-03,65.35,65.62,63.23,64.44,868,560,64.762
US98379L1008,374964157,XPEL,USD,2022-10-04,66.01,66.88,64.38,64.6,590,343,65.152
US98379L1008,374964157,XPEL,USD,2022-10-05,63.6,64.57,62.42,64.0,866,532,63.726
US98379L1008,374964157,XPEL,USD,2022-10-06,63.43,65.63,63.31,65.51,812,531,64.777
US98379L1008,374964157,XPEL,USD,2022-10-07,68.78,68.78,60.62,61.37,1102,504,61.836
US98379L1008,374964157,XPEL,USD,2022-10-10,61.37,64.43,60.86,63.7,782,467,62.952
US98379L1008,374964157,XPEL,USD,2022-10-11,63.55,64.59,62.46,63.15,590,335,63.38
US98379L1008,374964157,XPEL,USD,2022-10-12,63.27,63.5,60.87,62.76,983,593,61.94
US98379L1008,374964157,XPEL,USD,2022-10-13,61.17,64.66,60.67,63.71,852,484,63.452
US98379L1008,374964157,XPEL,USD,2022-10-14,64.63,64.63,60.78,60.87,562,351,61.484
US98379L1008,374964157,XPEL,USD,2022-10-17,61.99,62.54,61.54,62.3,1002,601,62.164
US98379L1008,374964157,XPEL,USD,2022-10-18,63.95,64.94,61.1,63.12,998,561,62.788
US98379L1008,374964157,XPEL,USD,2022-10-19,62.36,63.06,60.89,61.16,527,326,61.469
US98379L1008,374964157,XPEL,USD,2022-10-20,60.85,62.08,58.32,60.18,882,607,60.02
US98379L1008,374964157,XPEL,USD,2022-10-21,60.36,61.99,59.39,61.14,542,275,61.06
US98379L1008,374964157,XPEL,USD,2022-10-24,61.43,62.14,59.77,61.56,370,216,61.418
US98379L1008,374964157,XPEL,USD,2022-10-25,62.05,64.08,61.44,63.06,764,466,63.247
US98379L1008,374964157,XPEL,USD,2022-10-26,63.8,65.97,63.06,64.35,593,356,64.691
US98379L1008,374964157,XPEL,USD,2022-10-27,64.72,67.34,64.08,65.58,646,330,65.706
US98379L1008,374964157,XPEL,USD,2022-10-28,65.84,67.79,64.92,67.43,444,279,66.893
US98379L1008,374964157,XPEL,USD,2022-10-31,67.14,70.01,65.98,70.01,884,465,68.667
US98379L1008,374964157,XPEL,USD,2022-11-01,70.0,70.4,68.87,69.75,954,497,69.78
US98379L1008,374964157,XPEL,USD,2022-11-02,70.01,70.33,66.05,66.12,540,291,67.925
US98379L1008,374964157,XPEL,USD,2022-11-03,66.0,67.91,64.55,66.39,483,249,66.338
US98379L1008,374964157,XPEL,USD,2022-11-04,67.23,68.3,63.51,64.25,671,374,65.074
US98379L1008,374964157,XPEL,USD,2022-11-07,64.5,65.37,62.11,62.49,717,398,62.879
US98379L1008,374964157,XPEL,USD,2022-11-08,63.7,65.43,61.0,63.05,765,450,62.261
US98379L1008,374964157,XPEL,USD,2022-11-09,64.0,70.15,60.0,60.0,1838,1222,62.361
US98379L1008,374964157,XPEL,USD,2022-11-10,64.02,65.64,61.04,64.96,1262,717,63.927
US98379L1008,374964157,XPEL,USD,2022-11-11,65.06,65.46,61.57,64.78,906,548,63.82
US98379L1008,374964157,XPEL,USD,2022-11-14,64.78,66.96,63.6,65.51,742,385,65.359
US98379L1008,374964157,XPEL,USD,2022-11-15,66.95,68.53,65.56,65.76,1045,582,67.021
US98379L1008,374964157,XPEL,USD,2022-11-16,64.82,65.51,63.42,64.37,900,565,64.4
US98379L1008,374964157,XPEL,USD,2022-11-17,63.11,64.56,61.9,63.92,600,406,63.243
US98379L1008,374964157,XPEL,USD,2022-11-18,65.39,65.45,63.03,63.21,492,285,63.723
US98379L1008,374964157,XPEL,USD,2022-11-21,62.63,64.76,62.61,64.35,532,317,63.884
US98379L1008,374964157,XPEL,USD,2022-11-22,64.68,66.01,63.9,66.01,426,242,65.504
US98379L1008,374964157,XPEL,USD,2022-11-23,65.95,70.35,65.6,67.67,1800,1073,68.691
US98379L1008,374964157,XPEL,USD,2022-11-25,67.67,69.33,67.12,68.58,318,234,68.229
US98379L1008,374964157,XPEL,USD,2022-11-28,68.22,68.65,66.76,66.82,563,396,67.468
US98379L1008,374964157,XPEL,USD,2022-11-29,66.91,68.12,65.72,66.12,371,214,66.372
US98379L1008,374964157,XPEL,USD,2022-11-30,66.22,68.59,65.03,68.55,803,380,67.584
US98379L1008,374964157,XPEL,USD,2022-12-01,68.64,69.96,67.86,68.78,438,249,68.743
US98379L1008,374964157,XPEL,USD,2022-12-02,67.43,70.14,66.85,70.0,734,339,69.58
US98379L1008,374964157,XPEL,USD,2022-12-05,69.79,70.96,67.51,68.63,638,291,68.735
US98379L1008,374964157,XPEL,USD,2022-12-06,68.58,69.25,66.31,67.01,336,213,67.425
US98379L1008,374964157,XPEL,USD,2022-12-07,66.06,67.73,65.51,66.89,362,191,66.837
US98379L1008,374964157,XPEL,USD,2022-12-08,67.37,69.08,66.57,66.82,630,332,67.469
US98379L1008,374964157,XPEL,USD,2022-12-09,66.84,66.84,61.52,61.71,758,473,62.698
US98379L1008,374964157,XPEL,USD,2022-12-12,61.27,64.58,60.56,64.53,1038,587,62.495
US98379L1008,374964157,XPEL,USD,2022-12-13,67.26,67.26,62.93,63.25,553,358,64.186
US98379L1008,374964157,XPEL,USD,2022-12-14,63.42,65.53,63.0,63.81,526,285,64.053
US98379L1008,374964157,XPEL,USD,2022-12-15,62.79,63.45,60.8,61.74,669,420,61.864
US98379L1008,374964157,XPEL,USD,2022-12-16,61.44,62.62,60.71,62.1,1835,327,61.786
US98379L1008,374964157,XPEL,USD,2022-12-19,62.22,62.22,58.69,59.13,827,471,59.648
US98379L1008,374964157,XPEL,USD,2022-12-20,58.02,60.44,57.21,59.0,469,295,58.954
US98379L1008,374964157,XPEL,USD,2022-12-21,59.23,60.23,58.45,59.56,1046,607,59.476
US98379L1008,374964157,XPEL,USD,2022-12-22,59.11,59.11,57.13,57.7,943,605,57.763
US98379L1008,374964157,XPEL,USD,2022-12-23,57.67,59.28,57.4,59.12,399,243,58.675
US98379L1008,374964157,XPEL,USD,2022-12-27,59.14,59.49,57.62,58.55,459,280,58.503
US98379L1008,374964157,XPEL,USD,2022-12-28,58.49,59.18,58.45,59.18,550,379,58.687
US98379L1008,374964157,XPEL,USD,2022-12-29,59.5,60.83,59.5,60.76,812,247,60.612
US98379L1008,374964157,XPEL,USD,2022-12-30,60.31,61.42,59.62,60.06,595,333,60.395
US98379L1008,374964157,XPEL,USD,2023-01-03,60.7,60.99,58.34,59.16,854,423,59.46
US98379L1008,374964157,XPEL,USD,2023-01-04,59.82,59.9,58.14,59.55,348,175,59.28
US98379L1008,374964157,XPEL,USD,2023-01-05,59.33,61.81,58.9,61.42,353,237,60.783
US98379L1008,374964157,XPEL,USD,2023-01-06,61.62,64.65,61.62,63.5,546,312,63.696
US98379L1008,374964157,XPEL,USD,2023-01-09,64.24,65.34,62.88,63.13,709,444,64.024
US98379L1008,374964157,XPEL,USD,2023-01-10,63.35,67.89,63.29,67.11,1147,708,66.718
US98379L1008,374964157,XPEL,USD,2023-01-11,67.29,70.59,67.29,68.03,982,570,69.235
US98379L1008,374964157,XPEL,USD,2023-01-12,69.26,71.25,68.47,71.06,1131,508,70.322
US98379L1008,374964157,XPEL,USD,2023-01-13,70.11,73.28,69.72,73.04,1316,708,71.467
US98379L1008,374964157,XPEL,USD,2023-01-17,72.67,73.18,70.79,72.56,803,447,72.09
US98379L1008,374964157,XPEL,USD,2023-01-18,73.44,74.53,70.65,72.15,1304,570,72.195
US98379L1008,374964157,XPEL,USD,2023-01-19,71.65,71.79,69.18,70.22,1171,613,70.31
US98379L1008,374964157,XPEL,USD,2023-01-20,71.08,72.59,69.59,71.61,1075,649,71.032
US98379L1008,374964157,XPEL,USD,2023-01-23,72.11,73.79,70.9,73.56,947,509,72.883
US98379L1008,374964157,XPEL,USD,2023-01-24,73.04,75.39,72.81,74.85,624,317,74.054
US98379L1008,374964157,XPEL,USD,2023-01-25,73.93,75.74,72.57,75.5,734,387,74.192
US98379L1008,374964157,XPEL,USD,2023-01-26,76.76,77.83,74.75,75.79,651,324,75.555
US98379L1008,374964157,XPEL,USD,2023-01-27,75.31,76.95,73.66,75.16,1042,456,75.485
US98379L1008,374964157,XPEL,USD,2023-01-30,74.79,76.89,74.66,75.29,1210,708,75.647
US98379L1008,374964157,XPEL,USD,2023-01-31,75.44,77.82,75.43,76.07,904,397,76.583
US98379L1008,374964157,XPEL,USD,2023-02-01,76.51,79.71,75.08,78.81,1090,472,77.727
US98379L1008,374964157,XPEL,USD,2023-02-02,78.93,79.93,76.42,79.01,1235,688,78.411
US98379L1008,374964157,XPEL,USD,2023-02-03,77.45,79.95,75.01,78.49,1593,549,78.639
US98379L1008,374964157,XPEL,USD,2023-02-06,78.34,79.02,77.54,78.41,1174,655,78.227
US98379L1008,374964157,XPEL,USD,2023-02-07,77.88,78.55,76.56,77.84,1104,508,77.684
US98379L1008,374964157,XPEL,USD,2023-02-08,77.16,78.0,75.9,76.08,432,263,76.6
US98379L1008,374964157,XPEL,USD,2023-02-09,77.01,77.83,75.56,75.92,514,319,76.413
US98379L1008,374964157,XPEL,USD,2023-02-10,75.51,76.25,74.96,75.49,644,352,75.606
US98379L1008,374964157,XPEL,USD,2023-02-13,75.79,78.17,74.82,77.83,425,230,77.412
US98379L1008,374964157,XPEL,USD,2023-02-14,77.47,79.53,76.09,77.69,484,262,77.872
US98379L1008,374964157,XPEL,USD,2023-02-15,76.98,81.58,76.98,80.18,1280,521,80.158
US98379L1008,374964157,XPEL,USD,2023-02-16,79.11,81.4,78.85,79.42,1210,524,80.011
US98379L1008,374964157,XPEL,USD,2023-02-17,79.02,80.69,78.31,80.69,634,328,79.96
US98379L1008,374964157,XPEL,USD,2023-02-21,79.78,80.65,77.6,78.04,615,337,78.546
US98379L1008,374964157,XPEL,USD,2023-02-22,78.47,79.77,77.04,79.56,840,416,78.813
US98379L1008,374964157,XPEL,USD,2023-02-23,79.0,80.8,77.65,79.48,1037,491,79.02
US98379L1008,374964157,XPEL,USD,2023-02-24,78.24,78.29,75.78,77.44,633,359,77.166
US98379L1008,374964157,XPEL,USD,2023-02-27,78.5,79.28,76.27,77.24,1579,912,77.399
US98379L1008,374964157,XPEL,USD,2023-02-28,81.1,81.1,59.0,66.81,10350,6840,65.23
US98379L1008,374964157,XPEL,USD,2023-03-01,66.75,67.36,64.32,65.7,1639,1188,65.865
US98379L1008,374964157,XPEL,USD,2023-03-02,64.93,65.65,62.88,65.06,923,576,64.585
US98379L1008,374964157,XPEL,USD,2023-03-03,65.99,67.14,63.79,66.95,1232,783,66.029
US98379L1008,374964157,XPEL,USD,2023-03-06,68.96,68.96,66.26,66.47,1023,761,67.128
US98379L1008,374964157,XPEL,USD,2023-03-07,66.51,68.09,65.32,67.28,1270,517,67.209
US98379L1008,374964157,XPEL,USD,2023-03-08,67.33,68.65,65.97,67.71,928,649,67.598
US98379L1008,374964157,XPEL,USD,2023-03-09,67.85,69.0,64.94,65.16,1117,645,66.059
US98379L1008,374964157,XPEL,USD,2023-03-10,65.16,65.16,63.3,64.37,1018,716,64.042
US98379L1008,374964157,XPEL,USD,2023-03-13,62.9,65.0,62.84,64.5,1112,685,64.145
US98379L1008,374964157,XPEL,USD,2023-03-14,66.54,66.55,64.18,65.2,676,395,65.188
US98379L1008,374964157,XPEL,USD,2023-03-15,63.59,65.43,62.94,64.86,886,457,64.704
US98379L1008,374964157,XPEL,USD,2023-03-16,63.93,67.23,63.89,65.84,582,286,65.95
US98379L1008,374964157,XPEL,USD,2023-03-17,64.98,65.84,64.35,64.5,1985,489,64.674
US98379L1008,374964157,XPEL,USD,2023-03-20,64.99,65.64,63.69,63.99,808,337,64.289
US98379L1008,374964157,XPEL,USD,2023-03-21,64.91,66.33,64.31,65.29,684,176,65.282
US98379L1008,374964157,XPEL,USD,2023-03-22,65.19,65.51,63.06,63.26,970,602,64.308
US98379L1008,374964157,XPEL,USD,2023-03-23,63.83,64.13,62.18,63.04,1166,727,63.109
US98379L1008,374964157,XPEL,USD,2023-03-24,62.54,63.53,61.44,62.97,1671,864,62.382
US98379L1008,374964157,XPEL,USD,2023-03-27,63.36,64.83,62.75,64.66,577,292,63.904
US98379L1008,374964157,XPEL,USD,2023-03-28,64.68,65.54,63.55,65.16,353,182,64.899
US98379L1008,374964157,XPEL,USD,2023-03-29,66.09,66.32,65.19,65.83,449,181,65.743
US98379L1008,374964157,XPEL,USD,2023-03-30,66.09,66.97,65.95,66.44,483,329,66.412
US98379L1008,374964157,XPEL,USD,2023-03-31,67.16,68.39,67.01,67.95,836,361,67.917
US98379L1008,374964157,XPEL,USD,2023-04-03,67.88,67.91,65.92,67.73,604,363,67.409
US98379L1008,374964157,XPEL,USD,2023-04-04,68.05,68.18,65.12,65.3,461,248,65.92
US98379L1008,374964157,XPEL,USD,2023-04-05,64.84,64.84,63.51,64.59,457,276,64.209
US98379L1008,374964157,XPEL,USD,2023-04-06,64.78,65.98,64.3,64.68,466,247,65.109
US98379L1008,374964157,XPEL,USD,2023-04-10,64.63,67.65,64.63,67.54,1197,215,67.244
US98379L1008,374964157,XPEL,USD,2023-04-11,68.15,68.57,67.18,67.22,389,196,67.695
US98379L1008,374964157,XPEL,USD,2023-04-12,67.79,69.27,67.45,69.27,263,134,68.822
US98379L1008,374964157,XPEL,USD,2023-04-13,69.47,71.28,69.28,71.21,769,362,70.475
US98379L1008,374964157,XPEL,USD,2023-04-14,71.35,72.31,70.34,72.01,1403,996,71.696
US98379L1008,374964157,XPEL,USD,2023-04-17,70.58,73.01,69.28,70.6,1207,667,71.465
US98379L1008,374964157,XPEL,USD,2023-04-18,70.67,71.76,70.38,71.61,943,658,71.156
US98379L1008,374964157,XPEL,USD,2023-04-19,71.18,73.13,70.0,72.37,1018,587,72.016
US98379L1008,374964157,XPEL,USD,2023-04-20,71.33,74.3,70.25,74.0,1155,622,73.233
US98379L1008,374964157,XPEL,USD,2023-04-21,73.83,74.0,70.26,73.78,724,387,72.845
US98379L1008,374964157,XPEL,USD,2023-04-24,73.71,75.09,72.58,74.89,893,501,74.254
US98379L1008,374964157,XPEL,USD,2023-04-25,74.19,75.02,72.72,73.36,907,539,73.425
US98379L1008,374964157,XPEL,USD,2023-04-26,73.05,73.65,72.23,73.41,705,459,73.135
US98379L1008,374964157,XPEL,USD,2023-04-27,73.65,75.32,72.56,73.01,759,436,73.223
US98379L1008,374964157,XPEL,USD,2023-04-28,72.69,73.96,72.17,73.06,801,350,73.016
US98379L1008,374964157,XPEL,USD,2023-05-01,73.09,74.33,72.12,72.37,645,357,72.86
US98379L1008,374964157,XPEL,USD,2023-05-02,71.98,71.98,69.12,70.0,482,318,69.982
US98379L1008,374964157,XPEL,USD,2023-05-03,69.99,71.82,69.36,70.52,594,360,70.656
US98379L1008,374964157,XPEL,USD,2023-05-04,70.19,70.23,68.65,69.06,398,265,69.309
US98379L1008,374964157,XPEL,USD,2023-05-05,70.25,70.67,68.91,70.25,813,433,69.97
US98379L1008,374964157,XPEL,USD,2023-05-08,70.37,71.53,69.12,70.38,628,360,70.075
US98379L1008,374964157,XPEL,USD,2023-05-09,71.0,76.2,69.45,75.77,1075,668,74.539
US98379L1008,374964157,XPEL,USD,2023-05-10,77.28,80.0,75.69,76.01,889,493,77.135
US98379L1008,374964157,XPEL,USD,2023-05-11,75.49,76.45,74.28,75.86,530,308,75.544
US98379L1008,374964157,XPEL,USD,2023-05-12,76.04,76.56,75.1,75.25,274,175,75.608
US98379L1008,374964157,XPEL,USD,2023-05-15,75.3,76.0,74.59,75.48,584,380,75.421
US98379L1008,374964157,XPEL,USD,2023-05-16,74.95,74.96,72.75,74.21,731,485,73.855
US98379L1008,374964157,XPEL,USD,2023-05-17,74.52,75.25,73.26,75.15,1000,650,74.669
US98379L1008,374964157,XPEL,USD,2023-05-18,75.0,75.15,72.78,74.11,659,378,74.322
US98379L1008,374964157,XPEL,USD,2023-05-19,74.89,75.0,73.1,73.35,575,361,73.712
US98379L1008,374964157,XPEL,USD,2023-05-22,73.83,75.25,73.29,74.55,495,317,74.534
US98379L1008,374964157,XPEL,USD,2023-05-23,74.23,75.12,71.58,72.3,650,382,73.153
US98379L1008,374964157,XPEL,USD,2023-05-24,71.99,71.99,70.66,70.91,438,268,71.298
US98379L1008,374964157,XPEL,USD,2023-05-25,71.13,71.67,69.18,70.38,551,303,70.481
US98379L1008,374964157,XPEL,USD,2023-05-26,70.28,72.17,69.99,70.66,518,239,70.898
US98379L1008,374964157,XPEL,USD,2023-05-30,71.09,71.22,69.26,70.0,306,160,69.924
US98379L1008,374964157,XPEL,USD,2023-05-31,69.5,69.5,68.28,68.87,1270,364,68.904
US98379L1008,374964157,XPEL,USD,2023-06-01,68.87,70.64,68.8,69.93,619,249,69.938
US98379L1008,374964157,XPEL,USD,2023-06-02,70.89,73.96,70.89,73.82,658,303,72.786
US98379L1008,374964157,XPEL,USD,2023-06-05,72.98,73.03,68.47,71.14,571,246,70.557
US98379L1008,374964157,XPEL,USD,2023-06-06,71.06,75.31,69.53,75.1,655,325,74.128
US98379L1008,374964157,XPEL,USD,2023-06-07,75.5,77.25,74.44,76.94,1929,1169,76.4
US98379L1008,374964157,XPEL,USD,2023-06-08,76.98,77.58,73.6,76.31,980,520,75.301
US98379L1008,374964157,XPEL,USD,2023-06-09,76.55,76.75,75.39,76.51,941,593,76.234
US98379L1008,374964157,XPEL,USD,2023-06-12,76.7,78.24,75.62,77.51,1066,550,77.196
US98379L1008,374964157,XPEL,USD,2023-06-13,77.95,78.0,77.05,77.31,654,317,77.412
US98379L1008,374964157,XPEL,USD,2023-06-14,77.78,78.26,76.73,77.53,600,285,77.522
US98379L1008,374964157,XPEL,USD,2023-06-15,75.64,78.96,75.64,78.62,457,235,78.245
US98379L1008,374964157,XPEL,USD,2023-06-16,79.3,79.62,77.6,78.5,2188,311,78.658
US98379L1008,374964157,XPEL,USD,2023-06-20,78.13,79.35,77.9,78.71,314,182,78.575
US98379L1008,374964157,XPEL,USD,2023-06-21,78.64,83.1,78.54,82.82,1178,691,81.818
US98379L1008,374964157,XPEL,USD,2023-06-22,82.65,85.0,81.69,81.86,1262,803,83.309
US98379L1008,374964157,XPEL,USD,2023-06-23,81.17,82.67,80.06,80.21,2271,486,80.521
US98379L1008,374964157,XPEL,USD,2023-06-26,80.0,80.56,78.57,79.71,749,439,79.638
US98379L1008,374964157,XPEL,USD,2023-06-27,79.96,82.52,79.96,82.47,638,371,82.093
US98379L1008,374964157,XPEL,USD,2023-06-28,82.45,83.5,81.0,83.0,1139,483,82.433
US98379L1008,374964157,XPEL,USD,2023-06-29,83.05,85.02,82.85,84.89,1126,605,84.396
US98379L1008,374964157,XPEL,USD,2023-06-30,85.27,85.5,83.81,84.22,689,357,84.262
US98379L1008,374964157,XPEL,USD,2023-07-03,84.1,84.78,83.72,83.99,462,263,84.239
US98379L1008,374964157,XPEL,USD,2023-07-05,83.89,84.06,82.97,84.02,855,431,83.767
US98379L1008,374964157,XPEL,USD,2023-07-06,83.02,84.56,83.02,83.67,483,246,83.907
US98379L1008,374964157,XPEL,USD,2023-07-07,84.11,85.04,84.0,84.35,1710,536,84.482
US98379L1008,374964157,XPEL,USD,2023-07-10,85.95,86.7,83.23,86.64,1865,833,85.471
US98379L1008,374964157,XPEL,USD,2023-07-11,87.04,87.46,84.48,85.14,673,382,85.44
US98379L1008,374964157,XPEL,USD,2023-07-12,86.15,86.39,84.96,85.47,723,415,85.712
US98379L1008,374964157,XPEL,USD,2023-07-13,85.57,85.87,83.45,83.66,732,404,84.01
US98379L1008,374964157,XPEL,USD,2023-07-14,83.3,83.88,82.16,82.94,953,375,82.998
US98379L1008,374964157,XPEL,USD,2023-07-17,83.0,84.4,82.82,83.01,261,134,83.332
US98379L1008,374964157,XPEL,USD,2023-07-18,82.97,83.87,82.42,82.69,492,290,82.69
US98379L1008,374964157,XPEL,USD,2023-07-19,82.68,83.15,82.01,82.55,360,211,82.572
US98379L1008,374964157,XPEL,USD,2023-07-20,82.45,82.69,81.48,81.9,462,260,81.916
US98379L1008,374964157,XPEL,USD,2023-07-21,82.68,82.68,80.01,80.27,731,302,80.735
US98379L1008,374964157,XPEL,USD,2023-07-24,80.28,81.06,79.43,79.49,390,229,79.946
US98379L1008,374964157,XPEL,USD,2023-07-25,79.27,79.96,77.62,77.85,551,262,78.247
US98379L1008,374964157,XPEL,USD,2023-07-26,77.58,78.53,77.0,77.15,558,309,77.327
US98379L1008,374964157,XPEL,USD,2023-07-27,77.27,78.47,76.3,76.71,654,347,76.881
US98379L1008,374964157,XPEL,USD,2023-07-28,77.12,78.84,77.09,78.84,465,286,78.312
US98379L1008,374964157,XPEL,USD,2023-07-31,79.0,81.35,78.93,81.23,626,300,80.917
US98379L1008,374964157,XPEL,USD,2023-08-01,80.73,83.31,79.57,82.8,446,218,82.513
US98379L1008,374964157,XPEL,USD,2023-08-02,81.91,82.18,79.02,80.04,768,352,80.956
US98379L1008,374964157,XPEL,USD,2023-08-03,79.67,81.46,79.11,80.79,337,182,80.7
US98379L1008,374964157,XPEL,USD,2023-08-04,81.06,82.88,79.55,81.72,353,211,81.672
US98379L1008,374964157,XPEL,USD,2023-08-07,81.76,82.3,81.0,81.45,394,247,81.57
US98379L1008,374964157,XPEL,USD,2023-08-08,80.43,81.38,79.85,80.54,409,216,80.685
US98379L1008,374964157,XPEL,USD,2023-08-09,84.0,84.0,73.99,74.14,1196,807,76.026
US98379L1008,374964157,XPEL,USD,2023-08-10,74.97,80.55,74.51,79.0,912,578,78.933
US98379L1008,374964157,XPEL,USD,2023-08-11,79.64,84.25,79.45,83.25,1033,571,82.75
US98379L1008,374964157,XPEL,USD,2023-08-14,82.84,85.3,81.78,84.76,718,483,84.609
US98379L1008,374964157,XPEL,USD,2023-08-15,84.21,84.45,82.66,84.26,759,329,84.031
US98379L1008,374964157,XPEL,USD,2023-08-16,84.55,84.84,83.16,83.42,692,364,83.728
US98379L1008,374964157,XPEL,USD,2023-08-17,83.84,83.89,82.06,82.95,712,433,82.954
US98379L1008,374964157,XPEL,USD,2023-08-18,82.15,84.79,81.88,84.08,962,478,83.719
US98379L1008,374964157,XPEL,USD,2023-08-21,84.17,84.84,82.21,82.45,681,391,82.799
US98379L1008,374964157,XPEL,USD,2023-08-22,82.7,84.7,82.14,84.64,638,319,84.075
US98379L1008,374964157,XPEL,USD,2023-08-23,84.5,86.67,83.88,85.77,850,455,85.716
US98379L1008,374964157,XPEL,USD,2023-08-24,85.41,86.67,83.29,83.39,722,240,84.082
US98379L1008,374964157,XPEL,USD,2023-08-25,83.69,84.63,82.1,83.54,525,246,83.143
US98379L1008,374964157,XPEL,USD,2023-08-28,84.08,84.5,82.78,83.1,435,261,83.406
US98379L1008,374964157,XPEL,USD,2023-08-29,83.04,84.87,83.01,84.28,868,551,84.156
US98379L1008,374964157,XPEL,USD,2023-08-30,84.17,85.96,84.17,84.32,839,478,84.838
US98379L1008,374964157,XPEL,USD,2023-08-31,84.3,85.15,83.02,83.3,1142,484,83.554
US98379L1008,374964157,XPEL,USD,2023-09-01,83.72,85.67,83.0,83.06,815,429,84.08
US98379L1008,374964157,XPEL,USD,2023-09-05,82.91,82.91,75.68,76.55,1364,946,77.543
US98379L1008,374964157,XPEL,USD,2023-09-06,76.61,77.74,74.38,74.77,857,520,75.362
US98379L1008,374964157,XPEL,USD,2023-09-07,74.6,76.64,72.61,76.51,1011,654,75.403
US98379L1008,374964157,XPEL,USD,2023-09-08,76.64,77.83,75.62,75.75,565,374,76.52
US98379L1008,374964157,XPEL,USD,2023-09-11,76.55,76.63,73.92,74.25,869,387,74.743
US98379L1008,374964157,XPEL,USD,2023-09-12,73.75,75.37,72.65,75.0,983,452,74.817
US98379L1008,374964157,XPEL,USD,2023-09-13,75.0,76.21,73.75,75.0,1308,803,74.842
US98379L1008,374964157,XPEL,USD,2023-09-14,75.5,76.44,74.65,76.13,621,366,75.914
US98379L1008,374964157,XPEL,USD,2023-09-15,76.33,77.9,75.72,77.79,2776,354,77.582
US98379L1008,374964157,XPEL,USD,2023-09-18,78.01,78.01,75.43,75.66,741,385,75.975
US98379L1008,374964157,XPEL,USD,2023-09-19,75.49,76.36,74.77,76.27,597,293,75.874
US98379L1008,374964157,XPEL,USD,2023-09-20,76.88,77.87,75.63,75.85,444,251,76.747
US98379L1008,374964157,XPEL,USD,2023-09-21,75.04,75.19,73.98,74.1,444,279,74.454
US98379L1008,374964157,XPEL,USD,2023-09-22,74.33,75.05,73.9,74.25,283,154,74.369
US98379L1008,374964157,XPEL,USD,2023-09-25,73.56,76.3,73.09,75.67,432,226,75.554
US98379L1008,374964157,XPEL,USD,2023-09-26,74.87,75.41,74.37,74.48,409,160,74.595
US98379L1008,374964157,XPEL,USD,2023-09-27,74.98,77.35,74.16,76.57,613,266,76.384
US98379L1008,374964157,XPEL,USD,2023-09-28,76.31,78.76,76.31,77.98,968,381,77.953
US98379L1008,374964157,XPEL,USD,2023-09-29,78.24,78.43,75.18,77.11,909,530,76.998
US98379L1008,374964157,XPEL,USD,2023-10-02,76.89,77.67,76.39,77.51,530,199,77.274
US98379L1008,374964157,XPEL,USD,2023-10-03,77.08,77.86,75.24,75.26,471,256,75.925
US98379L1008,374964157,XPEL,USD,2023-10-04,75.31,75.89,74.16,74.84,641,358,74.987
US98379L1008,374964157,XPEL,USD,2023-10-05,75.13,75.29,73.44,74.46,490,175,74.484
US98379L1008,374964157,XPEL,USD,2023-10-06,74.08,75.93,73.66,75.6,501,135,75.45
US98379L1008,374964157,XPEL,USD,2023-10-09,75.04,76.23,74.88,76.14,322,109,75.799
US98379L1008,374964157,XPEL,USD,2023-10-10,76.32,78.62,76.32,76.71,589,217,77.023
US98379L1008,374964157,XPEL,USD,2023-10-11,76.82,76.83,60.86,65.63,5797,3373,65.851
US98379L1008,374964157,XPEL,USD,2023-10-12,66.87,70.78,62.47,62.8,4048,2272,64.544
US98379L1008,374964157,XPEL,USD,2023-10-13,63.01,64.1,62.06,62.89,1872,922,62.958
US98379L1008,374964157,XPEL,USD,2023-10-16,64.08,65.3,63.69,64.8,2127,1282,64.46
US98379L1008,374964157,XPEL,USD,2023-10-17,64.51,65.36,64.07,64.2,2697,1718,64.518
US98379L1008,374964157,XPEL,USD,2023-10-18,63.8,63.84,60.64,61.22,1855,1362,61.606
US98379L1008,374964157,XPEL,USD,2023-10-19,60.9,60.9,50.26,50.65,13277,7599,53.867
US98379L1008,374964157,XPEL,USD,2023-10-20,51.0,53.86,47.32,51.87,5353,3116,51.145
US98379L1008,374964157,XPEL,USD,2023-10-23,53.39,53.39,49.71,49.78,3054,1968,50.258
US98379L1008,374964157,XPEL,USD,2023-10-24,50.37,50.45,49.05,49.81,2175,1229,49.788
US98379L1008,374964157,XPEL,USD,2023-10-25,49.61,50.42,47.54,49.55,2021,1356,49.244
US98379L1008,374964157,XPEL,USD,2023-10-26,49.38,51.19,48.78,48.98,1245,770,49.931
US98379L1008,374964157,XPEL,USD,2023-10-27,48.69,50.02,48.34,48.85,985,489,48.892
US98379L1008,374964157,XPEL,USD,2023-10-30,49.32,49.49,46.51,47.74,1587,924,47.668
US98379L1008,374964157,XPEL,USD,2023-10-31,47.83,48.36,46.22,46.3,1664,944,46.669
US98379L1008,374964157,XPEL,USD,2023-11-01,46.26,48.45,45.4,47.99,1551,830,47.451
US98379L1008,374964157,XPEL,USD,2023-11-02,48.82,49.39,47.45,49.11,2368,1642,48.436
US98379L1008,374964157,XPEL,USD,2023-11-03,49.94,50.95,49.27,50.16,2118,1167,50.248
US98379L1008,374964157,XPEL,USD,2023-11-06,50.0,50.8,49.47,49.8,2570,1454,49.97
US98379L1008,374964157,XPEL,USD,2023-11-07,49.7,50.93,49.07,50.02,2355,1434,50.292
US98379L1008,374964157,XPEL,USD,2023-11-08,51.0,51.0,40.77,45.61,6420,3894,44.275
US98379L1008,374964157,XPEL,USD,2023-11-09,46.04,46.46,42.29,43.51,2236,1480,43.553
US98379L1008,374964157,XPEL,USD,2023-11-10,43.81,44.81,43.5,43.87,2888,1256,44.372
US98379L1008,374964157,XPEL,USD,2023-11-13,44.24,45.75,43.75,45.35,4173,786,45.007
US98379L1008,374964157,XPEL,USD,2023-11-14,46.83,48.2,46.45,47.44,2293,1237,47.392
US98379L1008,374964157,XPEL,USD,2023-11-15,48.6,48.6,46.88,47.05,1210,782,47.168
US98379L1008,374964157,XPEL,USD,2023-11-16,46.96,47.47,45.65,46.44,1090,619,46.393
US98379L1008,374964157,XPEL,USD,2023-11-17,47.44,47.44,46.2,46.84,1710,639,46.814
US98379L1008,374964157,XPEL,USD,2023-11-20,46.8,47.63,45.37,46.49,912,542,46.44
US98379L1008,374964157,XPEL,USD,2023-11-21,46.49,46.49,45.0,46.08,1050,627,45.885
US98379L1008,374964157,XPEL,USD,2023-11-22,46.0,46.46,45.76,46.12,427,209,46.102
US98379L1008,374964157,XPEL,USD,2023-11-24,45.95,46.9,45.95,46.78,311,189,46.659
US98379L1008,374964157,XPEL,USD,2023-11-27,46.59,46.97,45.78,45.79,731,443,46.195
US98379L1008,374964157,XPEL,USD,2023-11-28,45.44,46.11,44.62,46.09,775,445,45.715
US98379L1008,374964157,XPEL,USD,2023-11-29,46.61,47.72,45.26,45.51,1000,456,46.054
US98379L1008,374964157,XPEL,USD,2023-11-30,45.8,45.8,44.99,45.7,857,245,45.604
US98379L1008,374964157,XPEL,USD,2023-12-01,45.49,46.92,45.38,46.91,848,427,46.417
US98379L1008,374964157,XPEL,USD,2023-12-04,46.76,48.47,46.76,48.2,486,290,47.986
US98379L1008,374964157,XPEL,USD,2023-12-05,48.12,48.25,47.12,47.62,435,224,47.588
US98379L1008,374964157,XPEL,USD,2023-12-06,48.17,50.23,47.81,48.55,712,440,49.103
US98379L1008,374964157,XPEL,USD,2023-12-07,48.44,49.3,47.58,49.29,698,401,48.819
US98379L1008,374964157,XPEL,USD,2023-12-08,49.31,49.97,49.06,49.13,633,322,49.338
US98379L1008,374964157,XPEL,USD,2023-12-11,49.31,49.9,48.72,49.69,574,284,49.568
US98379L1008,374964157,XPEL,USD,2023-12-12,49.75,49.88,48.68,49.37,526,250,49.257
US98379L1008,374964157,XPEL,USD,2023-12-13,49.4,51.88,48.68,51.26,762,453,50.948
US98379L1008,374964157,XPEL,USD,2023-12-14,51.85,54.57,51.85,53.55,3004,876,53.577
US98379L1008,374964157,XPEL,USD,2023-12-15,54.14,54.14,52.64,53.31,3045,448,53.425
US98379L1008,374964157,XPEL,USD,2023-12-18,53.27,55.3,52.24,55.3,1582,759,54.3
US98379L1008,374964157,XPEL,USD,2023-12-19,55.23,57.12,55.23,56.4,1208,704,56.356
US98379L1008,374964157,XPEL,USD,2023-12-20,56.12,57.42,55.58,55.83,1491,858,56.081
US98379L1008,374964157,XPEL,USD,2023-12-21,56.4,57.11,55.88,56.63,669,275,56.628
US98379L1008,374964157,XPEL,USD,2023-12-22,56.94,57.53,55.98,56.16,766,377,56.466
US98379L1008,374964157,XPEL,USD,2023-12-26,56.61,56.64,55.55,56.22,334,151,56.251
US98379L1008,374964157,XPEL,USD,2023-12-27,57.64,57.64,54.68,54.88,369,164,55.119
US98379L1008,374964157,XPEL,USD,2023-12-28,54.45,54.68,53.25,54.01,372,141,53.995
US98379L1008,374964157,XPEL,USD,2023-12-29,54.01,55.04,53.34,53.34,791,368,54.207
